our_best_perm,Wil_best_perm,rand_perm,nr_checks_our,nr_checks_Wil,nr_checks_rand,minimum_check_number
3354,2,4,3,1,3,2,1
3359,2,4,1,1,3,1,1
3360,2,4,6,1,3,3,1
3374,4,4,1,3,3,3,3
3376,6,4,6,3,3,3,3
3377,6,4,6,3,3,3,3
3393,2,4,1,3,3,3,3
3418,2,4,1,3,3,3,3
3427,1,4,5,1,3,2,1
3430,4,4,6,3,3,3,3
3441,2,4,3,1,3,2,1
3445,2,4,6,1,3,3,1
3448,4,4,5,3,3,3,3
3451,1,4,6,1,3,3,1
3452,6,4,3,3,3,3,3
3463,4,4,2,3,3,3,3
3464,2,4,5,3,3,3,3
3470,2,4,5,1,3,2,1
3474,2,4,4,3,3,3,3
3478,2,4,3,1,3,2,1
3480,6,4,3,3,3,3,3
3485,1,4,6,1,3,3,1
3497,6,4,4,3,3,3,3
3502,2,4,6,1,3,3,1
3517,1,4,1,1,3,1,1
3519,2,4,2,1,3,1,1
3526,2,4,6,3,3,3,3
3527,2,4,6,1,3,3,1
3529,2,4,4,3,3,3,3
3531,2,4,2,1,3,1,1
3550,2,4,1,3,3,3,3
3551,6,4,1,3,3,3,3
3553,5,4,6,3,3,3,3
3564,6,4,6,3,3,3,3
3572,2,4,1,3,3,3,3
3575,6,4,4,3,3,3,3
3582,2,4,1,3,3,3,3
3583,5,4,3,3,3,3,3
3584,2,4,1,3,3,3,3
3588,5,4,3,3,3,3,3
3594,2,4,6,1,3,3,1
3598,1,4,1,1,3,1,1
3601,2,4,4,1,3,3,1
3606,2,4,2,3,3,3,3
3607,1,4,4,1,3,3,1
3614,2,4,1,1,3,1,1
3616,2,4,4,1,3,3,1
3620,2,4,4,3,3,3,3
3624,6,4,6,3,3,3,3
3625,6,4,1,3,3,3,3
3626,1,4,1,3,3,3,3
3641,3,4,2,3,3,3,3
3643,2,4,2,3,3,3,3
3651,2,4,2,3,3,3,3
3657,2,4,5,3,3,3,3
3662,2,4,3,3,3,3,3
3668,6,4,1,3,3,3,3
3671,1,4,5,1,3,2,1
3672,1,4,5,3,3,3,3
3676,6,4,1,3,3,3,3
3680,6,4,1,3,3,3,3
3683,2,4,5,3,3,3,3
3686,2,4,1,1,3,1,1
3687,2,4,4,1,3,3,1
3689,1,4,4,3,3,3,3
3697,2,4,5,3,3,3,3
3703,1,4,1,1,3,1,1
3715,2,4,6,1,3,3,1
3724,6,4,2,3,3,3,3
3729,2,4,3,1,3,2,1
3742,2,4,6,1,3,3,1
3744,6,4,1,3,3,3,3
3757,6,4,2,3,3,3,3
3759,2,4,1,1,3,1,1
3760,2,4,3,3,3,3,3
3766,1,4,6,3,3,3,3
3772,6,4,4,3,3,3,3
3774,6,4,4,3,3,3,3
3781,1,4,1,1,3,1,1
3783,2,4,5,3,3,3,3
3787,2,4,4,1,3,3,1
3794,6,4,5,3,3,3,3
3809,6,4,2,3,3,3,3
3828,2,4,1,3,3,3,3
3829,2,4,6,3,3,3,3
3834,6,4,4,3,3,3,3
3836,2,4,5,1,3,2,1
3837,2,4,3,1,3,2,1
3840,2,4,4,3,3,3,3
3841,2,4,6,1,3,3,1
3843,2,4,5,3,3,3,3
3851,6,4,6,3,3,3,3
3857,2,4,6,3,3,3,3
3871,6,4,2,3,3,3,3
3878,5,4,1,3,3,3,3
3879,4,4,5,3,3,3,3
3885,2,4,1,1,3,1,1
3897,2,4,2,1,3,1,1
3912,2,4,2,1,3,1,1
3927,2,4,3,1,3,2,1
3928,2,4,3,3,3,3,3
3947,2,4,4,1,3,3,1
3950,2,4,3,1,3,2,1
3953,2,4,6,3,3,3,3
3963,2,4,4,3,3,3,3
3983,6,4,4,3,3,3,3
3984,2,4,2,1,3,1,1
3989,2,4,1,1,3,1,1
3990,6,4,3,3,3,3,3
3992,2,4,2,1,3,1,1
3993,2,4,3,1,3,2,1
3994,2,4,3,1,3,2,1
3999,2,4,2,1,3,1,1
4005,2,4,4,3,3,3,3
4006,2,4,3,1,3,2,1
4013,4,4,1,3,3,3,3
4022,4,4,6,3,3,3,3
4024,6,4,4,3,3,3,3
4040,2,4,2,1,3,1,1
4041,1,4,4,1,3,3,1
4060,4,4,5,3,3,3,3
4063,5,4,4,3,3,3,3
4066,6,4,3,3,3,3,3
4068,2,4,3,1,3,2,1
4081,2,4,5,1,3,2,1
4085,2,4,1,1,3,1,1
4099,2,4,3,1,3,2,1
4115,2,4,2,1,3,1,1
4121,2,4,2,1,3,1,1
4131,1,4,2,1,3,1,1
4137,4,4,3,3,3,3,3
4145,2,4,4,1,3,3,1
4147,6,4,1,3,3,3,3
4148,2,4,2,1,3,1,1
4156,2,4,1,3,3,3,3
4161,2,4,4,1,3,3,1
4167,1,4,6,3,3,3,3
4173,5,4,6,2,3,3,1
4177,2,4,2,3,3,3,3
4184,2,4,3,1,3,2,1
4187,1,4,4,1,3,3,1
4192,6,4,6,3,3,3,3
4193,1,4,2,1,3,1,1
4198,2,4,2,3,3,3,3
4205,2,4,2,1,3,1,1
4207,2,4,5,1,3,2,1
4208,2,4,4,1,3,3,1
4213,2,4,2,1,3,1,1
4215,6,4,2,3,3,3,3
4222,2,4,6,3,3,3,3
4225,1,4,1,3,3,3,3
4227,1,4,3,3,3,3,3
4232,2,4,1,1,3,1,1
4245,6,4,2,3,3,3,3
4246,2,4,1,1,3,1,1
4261,2,4,3,1,3,2,1
4262,6,4,5,3,3,3,3
4272,2,4,5,1,3,2,1
4277,1,4,6,1,3,3,1
4279,2,4,5,1,3,2,1
4280,1,4,5,1,3,2,1
4283,2,4,5,1,3,2,1
4292,6,4,5,3,3,3,3
4307,2,4,3,1,3,2,1
4311,2,4,4,1,3,3,1
4312,2,4,6,1,3,3,1
4316,6,4,4,3,3,3,3
4320,2,4,3,1,3,2,1
4325,1,4,4,1,3,3,1
4334,2,4,6,1,3,3,1
4347,2,4,3,1,3,2,1
4348,2,4,3,1,3,2,1
4352,2,4,3,1,3,2,1
4355,2,4,4,1,3,3,1
4358,5,4,3,3,3,3,3
4359,2,4,1,1,3,1,1
4362,1,4,2,1,3,1,1
4373,5,4,4,3,3,3,3
4374,2,4,2,1,3,1,1
4382,6,4,6,3,3,3,3
4390,2,4,2,1,3,1,1
4393,2,4,2,1,3,1,1
4411,2,4,3,1,3,2,1
4421,1,4,1,1,3,1,1
4424,2,4,5,1,3,2,1
4427,1,4,2,1,3,1,1
4435,2,4,3,1,3,2,1
4438,2,4,3,1,3,2,1
4439,1,4,5,1,3,2,1
4440,4,4,3,3,3,3,3
4447,2,4,2,1,3,1,1
4457,2,4,1,1,3,1,1
4459,1,4,5,3,3,3,3
4462,2,4,2,1,3,1,1
4472,2,4,5,1,3,2,1
4473,2,4,1,1,3,1,1
4474,2,4,1,1,3,1,1
4480,2,4,4,1,3,3,1
4481,2,4,6,1,3,3,1
4484,6,4,1,3,3,3,3
4486,2,4,6,1,3,3,1
4490,6,4,3,3,3,3,3
4492,2,4,4,1,3,3,1
4501,4,4,4,3,3,3,3
4503,2,4,2,1,3,1,1
4510,2,4,1,1,3,1,1
4516,2,4,5,1,3,2,1
4521,2,4,5,1,3,2,1
4522,2,4,4,1,3,3,1
4526,5,4,5,3,3,3,3
4527,6,4,2,3,3,3,3
4534,4,4,3,3,3,3,3
4548,2,4,6,1,3,3,1
4558,2,4,5,1,3,2,1
4559,2,4,1,1,3,1,1
4561,2,4,5,1,3,2,1
4571,6,4,4,3,3,3,3
4573,2,4,6,1,3,3,1
4577,2,4,1,1,3,1,1
4585,2,4,5,1,3,2,1
4589,2,4,5,1,3,2,1
4597,1,4,1,1,3,1,1
4598,6,4,5,3,3,3,3
4603,2,4,3,1,3,2,1
4604,2,4,6,1,3,3,1
4616,2,4,5,1,3,2,1
4642,6,4,1,3,3,3,3
4644,2,4,4,1,3,3,1
4650,2,4,1,1,3,1,1
4657,6,4,5,3,3,3,3
4661,2,4,3,1,3,2,1
4664,2,4,4,1,3,3,1
4684,2,4,4,1,3,3,1
4714,1,4,6,1,3,3,1
4720,1,4,2,1,3,1,1
4721,1,4,1,1,3,1,1
4722,2,4,2,1,3,1,1
4726,2,4,6,1,3,3,1
4734,4,4,6,3,3,3,3
4738,2,4,3,1,3,2,1
4740,2,4,5,1,3,2,1
4746,2,4,6,1,3,3,1
4747,6,4,1,3,3,3,3
4749,2,4,4,1,3,3,1
4762,2,4,1,1,3,1,1
4765,1,4,5,1,3,2,1
4771,6,4,4,3,3,3,3
4779,2,4,2,3,3,3,3
4783,2,4,1,1,3,1,1
4784,2,4,1,1,3,1,1
4791,2,4,2,1,3,1,1
4794,1,4,4,1,3,3,1
4795,5,4,1,3,3,3,3
4796,2,4,6,3,3,3,3
4800,2,4,2,1,3,1,1
4809,2,4,5,1,3,2,1
4811,2,4,1,1,3,1,1
4812,6,4,5,3,3,3,3
4818,2,4,5,1,3,2,1
4821,2,4,4,1,3,3,1
4823,6,4,1,3,3,3,3
4829,2,4,6,1,3,3,1
4837,3,4,5,3,3,3,3
4844,2,4,3,1,3,2,1
4853,2,4,3,1,3,2,1
4873,2,4,3,1,3,2,1
4882,1,4,2,1,3,1,1
4894,1,4,3,1,3,2,1
4895,2,4,6,1,3,3,1
4901,4,4,2,3,3,1,1
4903,6,4,1,3,3,3,3
4907,2,4,1,1,3,1,1
4918,6,4,2,3,3,3,3
4919,2,4,6,1,3,3,1
4921,4,4,4,3,3,3,3
4925,2,4,5,1,3,2,1
4927,2,4,3,1,3,2,1
4939,1,4,3,1,3,2,1
4944,2,4,1,1,3,1,1
4949,6,4,1,3,3,3,3
4952,2,4,4,1,3,3,1
4964,2,4,6,1,3,3,1
4966,2,4,2,1,3,1,1
4972,2,4,2,1,3,1,1
4973,2,4,4,1,3,3,1
4976,2,4,5,1,3,2,1
4984,2,4,2,1,3,1,1
4985,2,4,3,1,3,2,1
4990,4,4,3,3,3,3,3
4992,1,4,2,1,3,1,1
4993,2,4,5,1,3,2,1
5000,2,4,4,3,3,3,3
5002,2,4,3,1,3,2,1
5008,2,4,3,1,3,2,1
5009,1,4,4,1,3,3,1
5012,2,4,3,1,3,2,1
5023,6,4,5,3,3,3,3
5025,2,4,5,1,3,2,1
5040,2,4,1,1,3,1,1
5044,2,4,6,1,3,3,1
5049,2,4,1,1,3,1,1
5057,2,4,4,1,3,3,1
5059,2,4,1,1,3,1,1
5075,2,4,4,3,3,3,3
5076,2,4,1,1,3,1,1
5082,4,4,6,3,3,3,3
5084,6,4,6,3,3,3,3
5087,2,4,6,1,3,3,1
5090,2,4,6,1,3,3,1
5092,2,4,1,1,3,1,1
5111,2,4,2,1,3,1,1
5116,2,4,4,1,3,3,1
5117,2,4,4,1,3,3,1
5118,2,4,2,1,3,1,1
5126,2,4,4,1,3,3,1
5137,6,4,4,3,3,3,3
5151,2,4,5,1,3,2,1
5157,2,4,4,1,3,3,1
5163,2,4,6,1,3,3,1
5165,2,4,3,1,3,2,1
5166,2,4,6,1,3,3,1
5173,2,4,3,1,3,2,1
5174,2,4,6,1,3,3,1
5177,2,4,5,1,3,2,1
5179,4,4,5,3,3,3,3
5186,6,4,6,3,3,3,3
5188,2,4,4,1,3,3,1
5189,6,4,1,3,3,3,3
5191,6,4,4,3,3,3,3
5195,2,4,5,1,3,2,1
5196,2,4,5,1,3,2,1
5198,2,4,6,1,3,3,1
5201,2,4,6,1,3,3,1
5210,2,4,6,1,3,3,1
5211,1,4,5,3,3,3,3
5213,2,4,1,1,3,1,1
5218,1,4,2,1,3,1,1
5227,2,4,3,1,3,2,1
5242,2,4,2,1,3,1,1
5243,2,4,1,1,3,1,1
5250,6,4,3,3,3,3,3
5252,2,4,6,1,3,3,1
5254,6,4,3,3,3,3,3
5255,1,4,2,1,3,1,1
5257,2,4,2,1,3,1,1
5272,2,4,4,1,3,3,1
5273,2,4,1,1,3,1,1
5276,2,4,2,1,3,1,1
5277,6,4,3,3,3,3,3
5281,6,4,4,3,3,3,3
5289,6,4,5,3,3,3,3
5305,1,4,5,1,3,2,1
5314,2,4,4,1,3,3,1
5317,2,4,6,1,3,3,1
5318,4,4,3,3,3,3,3
5331,2,4,2,1,3,1,1
5335,1,4,1,1,3,1,1
5348,2,4,5,1,3,2,1
5354,2,4,2,1,3,1,1
5364,2,4,3,1,3,2,1
5371,2,4,3,1,3,2,1
5372,2,4,4,1,3,3,1
5379,2,4,3,1,3,2,1
5380,2,4,6,1,3,3,1
5386,2,4,5,1,3,2,1
5393,4,4,1,3,3,3,3
5395,2,4,4,1,3,3,1
5396,6,4,3,3,3,3,3
5402,2,4,4,1,3,3,1
5412,2,4,5,1,3,2,1
5413,2,4,1,1,3,1,1
5414,2,4,3,1,3,2,1
5415,1,4,1,1,3,1,1
5429,2,4,2,1,3,1,1
5439,4,4,2,3,3,3,3
5440,6,4,6,3,3,3,3
5441,4,4,2,3,3,3,3
5445,2,4,2,1,3,1,1
5451,6,4,5,3,3,3,3
5454,2,4,1,3,3,3,3
5479,2,4,2,1,3,1,1
5480,2,4,6,1,3,3,1
5493,2,4,5,1,3,2,1
5494,6,4,6,3,3,3,3
5499,4,4,2,3,3,3,3
5515,6,4,2,3,3,3,3
5524,6,4,4,3,3,3,3
5526,4,4,6,3,3,3,3
5530,2,4,3,3,3,3,3
5537,6,4,3,3,3,3,3
5539,2,4,1,3,3,3,3
5546,2,4,5,3,3,3,3
5554,6,4,4,3,3,3,3
5555,2,4,3,3,3,3,3
5556,2,4,4,3,3,3,3
5561,2,4,3,3,3,3,3
5567,6,4,3,3,3,3,3
5571,4,4,1,3,3,3,3
5572,2,4,3,3,3,3,3
5573,6,4,3,3,3,3,3
5587,4,4,2,3,3,3,3
5588,2,4,2,3,3,3,3
5598,5,4,6,3,3,3,3
5604,2,4,2,3,3,3,3
5606,6,4,2,3,3,3,3
5608,4,4,5,3,3,3,3
5611,2,4,5,3,3,3,3
5616,4,4,5,3,3,3,3
5623,6,4,4,3,3,3,3
5630,2,4,4,3,3,3,3
5632,4,4,5,3,3,3,3
5633,4,4,6,3,3,3,3
5636,4,4,2,3,3,3,3
5638,1,4,2,3,3,3,3
5649,1,4,1,3,3,3,3
5650,4,4,1,3,3,3,3
5651,2,4,5,3,3,3,3
5654,4,4,1,3,3,3,3
5670,6,4,4,3,3,3,3
5672,6,4,3,3,3,3,3
5673,4,4,4,3,3,3,3
5674,6,4,6,3,3,3,3
5681,6,4,6,3,3,3,3
5689,2,4,6,3,3,3,3
5692,4,4,5,3,3,3,3
5693,1,4,2,3,3,3,3
5711,6,4,1,3,3,3,3
5716,6,4,4,3,3,3,3
5723,2,4,2,3,3,3,3
5724,6,4,4,3,3,3,3
5738,6,4,3,3,3,3,3
5743,4,4,6,3,3,3,3
5752,6,4,2,3,3,3,3
5753,6,4,2,3,3,3,3
5757,4,4,1,3,3,3,3
5758,4,4,6,3,3,3,3
5760,6,4,4,3,3,3,3
5766,1,4,3,3,3,3,3
5772,5,4,3,3,3,3,3
5774,1,4,1,3,3,3,3
5775,2,4,4,3,3,3,3
5778,6,4,4,3,3,3,3
5782,4,4,6,3,3,3,3
5789,6,4,3,3,3,3,3
5794,6,4,4,3,3,3,3
5802,6,4,5,3,3,3,3
5804,4,4,2,3,3,3,3
5807,6,4,2,3,3,3,3
5809,6,4,6,3,3,3,3
5811,6,4,2,3,3,3,3
5816,4,4,2,3,3,3,3
5830,4,4,2,3,3,3,3
5833,2,4,1,3,3,3,3
5835,4,4,5,3,3,3,3
5839,2,4,1,3,3,3,3
5840,2,4,6,3,3,3,3
5842,4,4,4,3,3,3,3
5851,6,4,6,3,3,3,3
5855,6,4,5,3,3,3,3
5856,6,4,5,3,3,3,3
5863,4,4,6,3,3,3,3
5866,6,4,4,3,3,3,3
5868,6,4,6,3,3,3,3
5871,6,4,1,3,3,3,3
5873,6,4,6,3,3,3,3
5876,2,4,3,3,3,3,3
5887,4,4,3,3,3,3,3
5896,6,4,2,3,3,3,3
5899,6,4,6,3,3,3,3
5900,6,4,6,3,3,3,3
5901,4,4,1,3,3,3,3
5902,4,4,3,3,3,3,3
5910,6,4,3,3,3,3,3
5912,6,4,4,3,3,3,3
5926,6,4,3,3,3,3,3
5929,1,4,3,1,3,2,1
5932,2,4,6,3,3,3,3
5937,6,4,1,3,3,3,3
5939,1,4,1,3,3,3,3
5942,6,4,1,3,3,3,3
5944,2,4,5,3,3,3,3
5954,4,4,4,3,3,3,3
5955,6,4,6,3,3,3,3
5962,2,4,4,3,3,3,3
5964,6,4,1,3,3,3,3
5965,6,4,5,3,3,3,3
5969,6,4,5,3,3,3,3
5972,4,4,2,3,3,3,3
5974,6,4,1,3,3,3,3
5975,4,4,6,3,3,3,3
5978,6,4,1,3,3,3,3
5989,6,4,1,3,3,3,3
5990,4,4,2,3,3,3,3
6011,6,4,1,3,3,3,3
6013,6,4,1,3,3,3,3
6026,5,4,6,3,3,3,3
6038,6,4,6,3,3,3,3
6043,6,4,1,3,3,3,3
6048,6,4,6,3,3,3,3
6049,4,4,1,3,3,3,3
6050,6,4,5,3,3,3,3
6053,6,4,1,3,3,3,3
6068,6,4,4,3,3,3,3
6069,4,4,4,3,3,3,3
6071,4,4,5,3,3,3,3
6079,6,4,6,3,3,3,3
6085,2,4,4,3,3,3,3
6089,2,4,6,3,3,3,3
6097,6,4,5,3,3,3,3
6104,6,4,5,3,3,3,3
6105,6,4,3,3,3,3,3
6106,6,4,3,3,3,3,3
6109,4,4,3,3,3,3,3
6110,6,4,6,3,3,3,3
6113,6,4,5,3,3,3,3
6114,6,4,2,3,3,3,3
6120,6,4,3,3,3,3,3
6126,6,4,6,3,3,3,3
6128,6,4,6,3,3,3,3
6133,6,4,1,3,3,3,3
6136,1,4,1,3,3,3,3
6139,6,4,6,3,3,3,3
6152,4,4,6,3,3,3,3
6153,4,4,2,3,3,3,3
6171,4,4,5,3,3,3,3
6175,2,4,2,3,3,3,3
6182,4,4,3,3,3,3,3
6183,6,4,5,3,3,3,3
6185,6,4,6,3,3,3,3
6187,4,4,6,3,3,3,3
6193,6,4,2,3,3,3,3
6197,4,4,4,3,3,3,3
6199,2,4,4,3,3,3,3
6202,6,4,2,3,3,3,3
6204,6,4,3,3,3,3,3
6212,6,4,1,3,3,3,3
6219,2,4,4,3,3,3,3
6220,6,4,6,3,3,3,3
6231,6,4,6,3,3,3,3
6241,5,4,4,3,3,3,3
6245,6,4,5,3,3,3,3
6250,2,4,2,3,3,3,3
6264,4,4,2,3,3,3,3
6274,6,4,6,3,3,3,3
6277,4,4,6,3,3,3,3
6279,4,4,1,3,3,3,3
6292,4,4,1,3,3,3,3
6296,4,4,6,3,3,3,3
6299,6,4,4,3,3,3,3
6300,5,4,2,3,3,3,3
6304,2,4,5,3,3,3,3
6309,6,4,2,3,3,3,3
6312,4,4,6,3,3,3,3
6322,6,4,2,3,3,3,3
6324,4,4,4,3,3,3,3
6329,4,4,6,3,3,3,3
6330,6,4,6,3,3,3,3
6336,4,4,3,3,3,3,3
6343,6,4,3,3,3,3,3
6349,2,4,3,3,3,3,3
6350,6,4,1,3,3,3,3
6354,6,4,1,3,3,3,3
6356,6,4,4,3,3,3,3
6361,6,4,6,3,3,3,3
6363,6,4,2,3,3,3,3
6367,4,4,5,3,3,3,3
6369,6,4,3,3,3,3,3
6370,6,4,4,3,3,3,3
6373,6,4,4,3,3,3,3
6398,4,4,5,3,3,3,3
6412,6,4,3,3,3,3,3
6413,4,4,4,3,3,3,3
6419,6,4,3,3,3,3,3
6420,6,4,6,3,3,3,3
6427,6,4,4,3,3,3,3
6429,6,4,3,3,3,3,3
6435,6,4,6,3,3,3,3
6440,6,4,5,3,3,3,3
6447,4,4,1,3,3,3,3
6465,4,4,6,3,3,3,3
6475,4,4,5,3,3,3,3
6479,6,4,2,3,3,3,3
6485,5,4,5,3,3,3,3
6491,2,4,6,3,3,3,3
6492,6,4,5,3,3,3,3
6501,6,4,4,3,3,3,3
6502,6,4,6,3,3,3,3
6507,4,4,6,3,3,3,3
6512,6,4,1,3,3,3,3
6517,5,4,3,3,3,3,3
6519,2,4,5,3,3,3,3
6528,6,4,5,3,3,3,3
6545,2,4,4,3,3,3,3
6552,5,4,2,3,3,3,3
6558,5,4,1,3,3,3,3
6561,6,4,3,3,3,3,3
6564,5,4,5,2,3,2,1
6570,6,4,5,3,3,3,3
6576,4,4,1,3,3,3,3
6580,2,4,4,3,3,3,3
6587,6,4,2,3,3,3,3
6588,6,4,3,3,3,3,3
6590,2,4,6,3,3,3,3
6595,2,4,4,3,3,3,3
6598,4,4,6,3,3,3,3
6601,6,4,5,3,3,3,3
6603,4,4,6,3,3,3,3
6608,6,4,6,3,3,3,3
6612,6,4,1,3,3,3,3
6616,6,4,6,3,3,3,3
6627,4,4,1,3,3,3,3
6634,6,4,2,3,3,3,3
6637,6,4,5,3,3,3,3
6638,4,4,5,3,3,3,3
6642,6,4,2,3,3,3,3
6647,4,4,4,3,3,3,3
6654,4,4,5,3,3,3,3
6655,4,4,3,3,3,3,3
6656,2,4,6,3,3,3,3
6662,6,4,4,3,3,3,3
6663,6,4,6,3,3,3,3
6671,4,4,2,3,3,3,3
6677,4,4,4,3,3,3,3
6678,5,4,3,3,3,3,3
6680,6,4,6,3,3,3,3
6683,6,4,5,3,3,3,3
6685,6,4,4,3,3,3,3
6693,6,4,2,3,3,3,3
6694,6,4,4,3,3,3,3
6696,4,4,4,3,3,3,3
6697,5,4,5,3,3,3,3
6701,6,4,5,3,3,3,3
6705,6,4,2,3,3,3,3
6706,6,4,2,3,3,3,3
6707,6,4,2,3,3,3,3
6709,6,4,3,3,3,3,3
6710,6,4,4,3,3,3,3
6719,6,4,2,3,3,3,3
6720,6,4,6,3,3,3,3
6738,6,4,2,3,3,3,3
6744,6,4,4,3,3,3,3
6755,6,4,1,3,3,3,3
6768,6,4,1,3,3,3,3
6769,2,4,6,3,3,3,3
6777,4,4,3,3,3,3,3
6778,6,4,6,3,3,3,3
6780,6,4,3,3,3,3,3
6786,2,4,3,3,3,3,3
6791,6,4,4,3,3,3,3
6792,6,4,2,3,3,3,3
6800,5,4,3,3,3,3,3
6803,5,4,5,3,3,3,3
6804,4,4,1,3,3,3,3
6805,6,4,5,3,3,3,3
6806,4,4,1,3,3,3,3
6810,5,4,3,3,3,3,3
6813,6,4,2,3,3,3,3
6823,6,4,5,3,3,3,3
6829,2,4,6,3,3,3,3
6840,2,4,4,3,3,3,3
6856,6,4,5,3,3,3,3
6862,6,4,1,3,3,3,3
6864,4,4,6,3,3,3,3
6865,6,4,2,3,3,3,3
6875,6,4,6,3,3,3,3
6886,5,4,4,3,3,3,3
6888,4,4,5,3,3,3,3
6889,6,4,3,3,3,3,3
6892,6,4,4,3,3,3,3
6908,6,4,3,3,3,3,3
6911,5,4,2,3,3,3,3
6918,6,4,2,3,3,3,3
6922,4,4,6,3,3,3,3
6927,4,4,5,3,3,3,3
6932,4,4,2,3,3,3,3
6936,4,4,6,3,3,3,3
6939,4,4,5,3,3,3,3
6943,5,4,3,3,3,3,3
6944,6,4,2,3,3,3,3
6954,4,4,1,3,3,3,3
6958,4,4,3,3,3,3,3
6963,4,4,5,3,3,3,3
6969,5,4,6,3,3,3,3
6970,4,4,5,3,3,3,3
6978,6,4,6,3,3,3,3
6979,6,4,3,3,3,3,3
6985,6,4,1,3,3,3,3
7000,4,4,3,3,3,3,3
7005,2,4,3,3,3,3,3
7011,6,4,6,3,3,3,3
7018,5,4,5,3,3,3,3
7027,6,4,1,3,3,3,3
7030,4,4,2,3,3,3,3
7032,5,4,4,3,3,3,3
7034,4,4,4,3,3,3,3
7045,5,4,5,3,3,3,3
7047,4,4,6,3,3,3,3
7055,6,4,5,3,3,3,3
7061,3,4,1,3,3,3,3
7062,4,4,1,3,3,3,3
7065,6,4,1,3,3,3,3
7092,6,4,5,3,3,3,3
7099,4,4,1,3,3,3,3
7100,5,4,3,3,3,3,3
7107,6,4,6,3,3,3,3
7109,6,4,2,3,3,3,3
7111,6,4,6,3,3,3,3
7112,6,4,1,3,3,3,3
7113,6,4,6,3,3,3,3
7118,6,4,6,3,3,3,3
7120,2,4,1,3,3,3,3
7122,5,4,5,3,3,3,3
7132,6,4,2,3,3,3,3
7140,6,4,1,3,3,3,3
7142,6,4,2,3,3,3,3
7143,2,4,4,3,3,3,3
7145,6,4,1,3,3,3,3
7149,4,4,6,3,3,3,3
7150,1,4,6,3,3,3,3
7151,6,4,2,3,3,3,3
7157,4,4,3,3,3,3,3
7163,6,4,5,3,3,3,3
7174,5,4,4,3,3,3,3
7177,4,4,5,3,3,3,3
7185,6,4,5,3,3,3,3
7190,6,4,3,3,3,3,3
7201,6,4,2,3,3,3,3
7202,2,4,4,3,3,3,3
7213,6,4,6,3,3,3,3
7215,6,4,5,3,3,3,3
7224,4,4,4,3,3,3,3
7244,4,4,5,3,3,3,3
7249,4,4,5,3,3,3,3
7250,6,4,3,3,3,3,3
7251,6,4,2,3,3,3,3
7253,4,4,2,3,3,3,3
7255,4,4,5,3,3,3,3
7262,6,4,3,3,3,3,3
7263,6,4,6,3,3,3,3
7265,6,4,1,3,3,3,3
7270,6,4,6,3,3,3,3
7273,4,4,4,1,1,1,1
7280,6,4,3,3,3,3,3
7285,6,4,3,3,3,3,3
7286,6,4,2,3,3,3,3
7292,4,4,3,3,3,3,3
7297,6,4,6,3,3,3,3
7298,4,4,2,3,3,3,3
7303,6,4,2,3,3,3,3
7305,4,4,5,3,3,3,3
7307,6,4,3,3,3,3,3
7313,6,4,5,3,3,3,3
7320,4,4,1,3,3,3,3
7330,2,4,5,3,3,3,3
7337,6,4,5,3,3,3,3
7342,6,4,6,3,3,3,3
7343,6,4,5,3,3,3,3
7354,6,4,1,3,3,3,3
7355,6,4,4,3,3,3,3
7357,6,4,1,3,3,3,3
7365,6,4,3,3,3,3,3
7366,6,4,6,3,3,3,3
7369,4,4,4,3,3,3,3
7377,6,4,2,3,3,3,3
7378,6,4,2,3,3,3,3
7380,6,4,1,3,3,3,3
7384,6,4,6,3,3,3,3
7386,1,4,3,3,3,3,3
7387,4,4,5,3,3,3,3
7405,6,4,6,3,3,3,3
7406,6,4,4,3,3,3,3
7412,4,4,1,3,3,3,3
7415,6,4,4,3,3,3,3
7417,1,4,6,3,3,3,3
7419,6,4,3,3,3,3,3
7421,4,4,2,3,3,3,3
7430,4,4,1,3,3,3,3
7438,2,4,6,3,3,3,3
7442,6,4,4,3,3,3,3
7445,6,4,5,3,3,3,3
7447,6,4,4,3,3,3,3
7454,6,4,2,3,3,3,3
7464,6,4,3,3,3,3,3
7473,4,4,2,3,3,3,3
7475,6,4,4,3,3,3,3
7479,6,4,4,3,3,3,3
7480,6,4,4,3,3,3,3
7483,4,4,3,3,3,3,3
7484,6,4,2,3,3,3,3
7490,4,4,6,3,3,3,3
7491,4,4,3,3,3,3,3
7502,4,4,5,3,3,3,3
7518,6,4,5,3,3,3,3
7527,4,4,5,3,3,3,3
7533,4,4,4,3,3,3,3
7537,6,4,1,3,3,3,3
7543,6,4,1,3,3,3,3
7547,6,4,2,3,3,3,3
7548,4,4,6,3,3,3,3
7549,6,4,4,3,3,3,3
7558,6,4,5,3,3,3,3
7562,6,4,6,3,3,3,3
7567,2,4,1,3,3,3,3
7569,6,4,1,3,3,3,3
7577,6,4,5,3,3,3,3
7580,6,4,5,3,3,3,3
7584,6,4,4,3,3,3,3
7586,6,4,2,3,3,3,3
7590,5,4,6,3,3,3,3
7609,2,4,5,3,3,3,3
7611,6,4,1,3,3,3,3
7614,6,4,6,3,3,3,3
7619,4,4,3,3,3,3,3
7621,6,4,4,3,3,3,3
7630,5,4,5,3,3,3,3
7632,6,4,3,3,3,3,3
7638,4,4,3,3,3,3,3
7642,4,4,2,3,3,3,3
7644,6,4,2,3,3,3,3
7649,6,4,4,3,3,3,3
7650,6,4,4,3,3,3,3
7653,6,4,2,3,3,3,3
7656,4,4,3,3,3,3,3
7661,5,4,1,3,3,3,3
7663,6,4,5,3,3,3,3
7665,4,4,6,3,3,3,3
7666,4,4,4,3,3,3,3
7667,4,4,2,3,3,3,3
7668,4,4,1,3,3,3,3
7672,4,4,4,3,3,3,3
7680,4,4,1,3,3,3,3
7690,6,4,3,3,3,3,3
7691,2,4,6,3,3,3,3
7694,4,4,3,3,3,3,3
7698,6,4,1,3,3,3,3
7704,6,4,4,3,3,3,3
7705,4,4,1,3,3,3,3
7713,6,4,1,3,3,3,3
7714,4,4,5,3,3,3,3
7718,6,4,4,3,3,3,3
7721,4,4,1,3,3,3,3
7724,6,4,2,3,3,3,3
7727,6,4,5,3,3,3,3
7735,2,4,6,3,3,3,3
7748,6,4,3,3,3,3,3
7757,6,4,3,3,3,3,3
7761,6,4,3,3,3,3,3
7767,6,4,4,3,3,3,3
7778,2,4,6,3,3,3,3
7780,5,4,1,3,3,3,3
7785,6,4,2,3,3,3,3
7787,1,4,5,3,3,3,3
7792,6,4,1,3,3,3,3
7794,4,4,5,3,3,3,3
7802,4,4,6,3,3,3,3
7810,4,4,5,3,3,3,3
7817,6,4,2,3,3,3,3
7824,6,4,4,3,3,3,3
7830,4,4,5,3,3,3,3
7831,4,4,6,3,3,3,3
7839,2,4,1,3,3,3,3
7848,6,4,3,3,3,3,3
7854,6,4,3,3,3,3,3
7861,6,4,1,3,3,3,3
7869,4,4,5,3,3,3,3
7875,4,4,5,3,3,3,3
7876,6,4,3,3,3,3,3
7879,5,4,3,3,3,3,3
7887,4,4,6,3,3,3,3
7903,4,4,5,3,3,3,3
7906,6,4,3,3,3,3,3
7912,6,4,1,3,3,3,3
7919,6,4,1,3,3,3,3
7923,6,4,2,3,3,3,3
7938,4,4,4,3,3,3,3
7940,4,4,4,3,3,3,3
7941,2,4,1,1,3,1,1
7944,6,4,2,3,3,3,3
7945,6,4,2,3,3,3,3
7952,6,4,2,3,3,3,3
7957,6,4,3,3,3,3,3
7958,3,4,5,3,3,3,3
7962,6,4,3,3,3,3,3
7965,2,4,5,3,3,3,3
7968,4,4,5,3,3,3,3
7970,6,4,5,3,3,3,3
7972,4,4,2,3,3,3,3
7979,4,4,6,3,3,3,3
7982,1,4,1,3,3,3,3
7983,6,4,3,3,3,3,3
7989,6,4,2,3,3,3,3
7993,6,4,1,3,3,3,3
7998,6,4,4,3,3,3,3
7999,6,4,1,3,3,3,3
8003,6,4,1,3,3,3,3
8005,6,4,2,3,3,3,3
8015,6,4,4,3,3,3,3
8018,4,4,1,3,3,3,3
8020,6,4,2,3,3,3,3
8021,6,4,1,3,3,3,3
8022,4,4,5,3,3,3,3
8023,6,4,3,3,3,3,3
8031,6,4,6,3,3,3,3
8032,4,4,1,3,3,3,3
8034,6,4,2,3,3,3,3
8036,4,4,4,3,3,3,3
8041,2,4,1,3,3,3,3
8045,4,4,2,3,3,3,3
8049,4,4,2,3,3,3,3
8054,6,4,5,3,3,3,3
8061,4,4,3,3,3,3,3
8066,4,4,4,3,3,3,3
8068,4,4,5,3,3,3,3
8072,6,4,6,3,3,3,3
8075,6,4,3,3,3,3,3
8077,5,4,2,3,3,3,3
8085,6,4,2,3,3,3,3
8088,6,4,4,3,3,3,3
8090,6,4,1,3,3,3,3
8092,4,4,3,3,3,3,3
8095,4,4,2,3,3,3,3
8097,4,4,2,3,3,3,3
8105,6,4,3,3,3,3,3
8108,4,4,1,3,3,3,3
8115,6,4,5,3,3,3,3
8122,6,4,1,3,3,3,3
8125,4,4,6,3,3,3,3
8132,6,4,6,3,3,3,3
8134,4,4,3,3,3,3,3
8138,6,4,2,3,3,3,3
8143,5,4,2,3,3,3,3
8151,6,4,5,3,3,3,3
8159,4,4,5,3,3,3,3
8168,2,4,1,3,3,3,3
8169,6,4,5,3,3,3,3
8170,4,4,4,3,3,3,3
8178,6,4,2,3,3,3,3
8179,6,4,3,3,3,3,3
8181,6,4,3,3,3,3,3
8183,6,4,4,3,3,3,3
8187,4,4,2,3,3,3,3
8193,6,4,3,3,3,3,3
8197,6,4,6,3,3,3,3
8206,6,4,6,3,3,3,3
8210,2,4,4,3,3,3,3
8213,6,4,6,3,3,3,3
8225,4,4,6,3,3,3,3
8232,4,4,3,3,3,3,3
8238,6,4,3,3,3,3,3
8240,6,4,5,3,3,3,3
8248,4,4,1,3,3,3,3
8251,6,4,4,3,3,3,3
8257,6,4,3,3,3,3,3
8265,6,4,5,3,3,3,3
8268,6,4,6,3,3,3,3
8278,6,4,3,3,3,3,3
8280,4,4,2,3,3,3,3
8283,6,4,2,3,3,3,3
8298,6,4,2,3,3,3,3
8299,6,4,5,3,3,3,3
8300,6,4,1,3,3,3,3
8307,6,4,6,3,3,3,3
8308,4,4,5,3,3,3,3
8311,4,4,5,3,3,3,3
8316,6,4,5,3,3,3,3
8317,6,4,5,3,3,3,3
8324,6,4,4,3,3,3,3
8325,6,4,1,3,3,3,3
8328,6,4,6,3,3,3,3
8332,5,4,6,3,3,3,3
8342,6,4,2,3,3,3,3
8345,4,4,4,3,3,3,3
8348,6,4,5,3,3,3,3
8352,6,4,3,3,3,3,3
8354,4,4,2,3,3,3,3
8357,6,4,2,3,3,3,3
8365,6,4,4,3,3,3,3
8383,6,4,4,3,3,3,3
8391,6,4,5,3,3,3,3
8396,6,4,5,3,3,3,3
8405,6,4,2,3,3,3,3
8409,5,4,2,3,3,3,3
8415,6,4,4,3,3,3,3
8423,4,4,4,3,3,3,3
8425,2,4,4,3,3,3,3
8429,5,4,1,3,3,3,3
8436,6,4,1,3,3,3,3
8438,6,4,1,3,3,3,3
8440,6,4,2,3,3,3,3
8448,6,4,5,3,3,3,3
8451,6,4,3,3,3,3,3
8454,6,4,1,3,3,3,3
8455,6,4,5,3,3,3,3
8464,6,4,4,3,3,3,3
8481,4,4,4,3,3,3,3
8486,6,4,6,3,3,3,3
8489,4,4,3,3,3,3,3
8490,4,4,1,3,3,3,3
8492,6,4,6,3,3,3,3
8498,6,4,6,3,3,3,3
8500,5,4,1,3,3,3,3
8504,6,4,2,3,3,3,3
8509,4,4,1,3,3,3,3
8512,4,4,6,3,3,3,3
8515,4,4,2,3,3,3,3
8518,4,4,1,3,3,3,3
8521,6,4,5,3,3,3,3
8524,6,4,3,3,3,3,3
8528,6,4,1,3,3,3,3
8540,6,4,5,3,3,3,3
8541,6,4,2,3,3,3,3
8550,4,4,5,3,3,3,3
8551,2,4,1,3,3,3,3
8556,6,4,2,3,3,3,3
8570,4,4,1,3,3,3,3
8574,6,4,3,3,3,3,3
8580,6,4,5,3,3,3,3
8585,6,4,1,3,3,3,3
8592,4,4,4,3,3,3,3
8598,4,4,1,3,3,3,3
8599,6,4,1,3,3,3,3
8600,4,4,2,3,3,3,3
8601,5,4,5,3,3,3,3
8612,6,4,1,3,3,3,3
8613,4,4,6,3,3,3,3
8622,4,4,5,3,3,3,3
8625,4,4,4,3,3,3,3
8626,6,4,5,3,3,3,3
8627,6,4,5,3,3,3,3
8633,6,4,3,3,3,3,3
8641,6,4,1,3,3,3,3
8648,4,4,3,3,3,3,3
8657,6,4,3,3,3,3,3
8664,6,4,3,3,3,3,3
8669,6,4,5,3,3,3,3
8670,4,4,1,3,3,3,3
8679,5,4,6,3,3,3,3
8680,6,4,4,3,3,3,3
8684,6,4,2,3,3,3,3
8685,4,4,6,3,3,3,3
8686,6,4,4,3,3,3,3
8693,6,4,1,3,3,3,3
8699,6,4,6,3,3,3,3
8700,4,4,5,3,3,3,3
8702,6,4,3,3,3,3,3
8707,6,4,3,3,3,2,1
8708,4,4,3,3,3,3,3
8711,4,4,5,3,3,3,3
8712,6,4,2,3,3,3,3
8714,6,4,2,3,3,3,3
8716,6,4,3,3,3,3,3
8720,4,4,5,3,3,3,3
8726,6,4,4,3,3,3,3
8729,4,4,1,3,3,3,3
8744,4,4,3,3,3,3,3
8752,6,4,3,3,3,3,3
8756,6,4,3,3,3,3,3
8763,6,4,4,3,3,3,3
8777,6,4,4,3,3,3,3
8789,6,4,4,3,3,3,3
8795,4,4,6,3,3,3,3
8800,6,4,1,3,3,3,3
8810,6,4,6,3,3,3,3
8815,6,4,1,3,3,3,3
8817,6,4,6,3,3,3,3
8818,6,4,3,3,3,3,3
8819,4,4,6,3,3,3,3
8820,4,4,5,3,3,3,3
8822,6,4,5,3,3,3,3
8825,6,4,1,3,3,3,3
8831,4,4,1,3,3,3,3
8832,4,4,5,3,3,3,3
8833,6,4,3,3,3,3,3
8835,6,4,6,3,3,3,3
8838,6,4,2,3,3,3,3
8841,4,4,1,3,3,3,3
8843,4,4,1,3,3,3,3
8860,6,4,2,3,3,3,3
8862,4,4,3,3,3,3,3
8865,6,4,6,3,3,3,3
8868,6,4,3,3,3,3,3
8877,6,4,5,3,3,3,3
8878,6,4,1,3,3,3,3
8882,5,4,3,3,3,3,3
8889,4,4,1,3,3,3,3
8900,6,4,5,3,3,3,3
8901,2,4,2,3,3,3,3
8904,6,4,4,3,3,3,3
8908,6,4,4,3,3,3,3
8911,6,4,1,3,3,3,3
8912,6,4,1,3,3,3,3
8915,6,4,6,3,3,3,3
8917,5,4,1,3,3,3,3
8918,6,4,3,3,3,3,3
8924,6,4,1,3,3,3,3
8938,5,4,1,3,3,3,3
8945,4,4,4,3,3,3,3
8957,6,4,4,3,3,3,3
8958,6,4,2,3,3,3,3
8959,4,4,5,3,3,3,3
8961,6,4,1,3,3,3,3
8962,4,4,6,3,3,3,3
8967,6,4,3,3,3,3,3
8971,4,4,2,3,3,3,3
8972,6,4,4,3,3,3,3
8973,6,4,5,3,3,3,3
8974,4,4,1,3,3,3,3
8982,6,4,6,3,3,3,3
8984,6,4,4,3,3,3,3
9010,6,4,2,3,3,3,3
9011,4,4,5,3,3,3,3
9016,4,4,4,3,3,3,3
9025,6,4,4,3,3,3,3
9026,6,4,1,3,3,3,3
9041,4,4,2,3,3,3,3
9044,6,4,5,3,3,3,3
9048,4,4,5,3,3,3,3
9065,6,4,6,3,3,3,3
9068,6,4,4,3,3,3,3
9093,6,4,2,3,3,3,3
9094,6,4,6,3,3,3,3
9102,6,4,1,3,3,3,3
9103,6,4,5,3,3,3,3
9113,6,4,6,3,3,3,3
9114,4,4,4,3,3,3,3
9116,4,4,3,3,3,3,3
9117,6,4,3,3,3,3,3
9121,6,4,2,3,3,3,3
9122,4,4,2,3,3,3,3
9136,4,4,1,3,3,3,3
9137,4,4,1,3,3,3,3
9158,4,4,5,3,3,3,3
9165,4,4,6,3,3,3,3
9174,6,4,6,3,3,3,3
9188,6,4,4,3,3,3,3
9191,4,4,3,3,3,3,3
9192,5,4,3,3,3,3,3
9194,6,4,3,3,3,3,3
9196,6,4,5,3,3,3,3
9207,4,4,2,3,3,3,3
9210,4,4,3,1,1,1,1
9212,4,4,3,3,3,3,3
9216,4,4,2,3,3,3,3
9219,6,4,6,3,3,3,3
9226,6,4,6,3,3,3,3
9227,4,4,1,3,3,3,3
9229,6,4,5,3,3,3,3
9233,6,4,2,3,3,3,3
9239,6,4,6,3,3,3,3
9242,6,4,3,3,3,3,3
9247,6,4,4,3,3,3,3
9250,6,4,1,3,3,3,3
9256,6,4,5,3,3,3,3
9262,6,4,2,3,3,3,3
9266,6,4,2,3,3,3,3
9281,6,4,4,3,3,3,3
9285,4,4,2,3,3,3,3
9288,4,4,1,3,3,3,3
9294,6,4,2,3,3,3,3
9296,6,4,2,3,3,3,3
9301,4,4,1,3,3,3,3
9313,6,4,6,3,3,3,3
9315,4,4,2,3,3,3,3
9319,6,4,2,3,3,3,3
9334,4,4,4,3,3,3,3
9342,4,4,6,3,3,3,3
9353,6,4,4,3,3,3,3
9356,4,4,3,3,3,3,3
9364,6,4,5,3,3,3,3
9369,6,4,3,3,3,3,3
9372,4,4,6,3,3,3,3
9375,4,4,4,3,3,3,3
9376,4,4,3,3,3,3,3
9379,6,4,5,3,3,3,3
9393,4,4,1,3,3,3,3
9398,4,4,4,3,3,3,3
9403,6,4,6,3,3,3,3
9406,6,4,4,3,3,3,3
9414,4,4,2,3,3,3,3
9421,4,4,4,3,3,3,3
9424,4,4,5,3,3,3,3
9429,6,4,1,3,3,3,3
9433,6,4,6,3,3,3,3
9439,4,4,6,3,3,3,3
9444,2,4,2,3,3,3,3
9447,4,4,5,3,3,3,3
9448,6,4,4,3,3,3,3
9449,6,4,1,3,3,3,3
9450,4,4,6,3,3,3,3
9451,2,4,5,3,3,3,3
9452,2,4,5,3,3,3,3
9455,4,4,6,3,3,3,3
9460,6,4,4,3,3,3,3
9464,4,4,5,3,3,3,3
9465,4,4,3,3,3,3,3
9479,6,4,1,3,3,3,3
9480,6,4,2,3,3,3,3
9488,6,4,5,3,3,3,3
9490,6,4,3,3,3,3,3
9497,6,4,3,3,3,3,3
9499,4,4,5,3,3,3,3
9511,4,4,1,3,3,3,3
9514,6,4,4,3,3,3,3
9530,6,4,3,3,3,3,3
9532,2,4,4,3,3,3,3
9535,6,4,3,3,3,3,3
9538,6,4,3,3,3,3,3
9539,4,4,4,3,3,3,3
9553,4,4,5,3,3,3,3
9563,6,4,1,3,3,3,3
9566,6,4,2,3,3,3,3
9573,6,4,5,3,3,3,3
9578,4,4,5,3,3,3,3
9585,6,4,6,3,3,3,3
9586,4,4,1,3,3,3,3
9607,6,4,5,3,3,3,3
9610,6,4,5,3,3,3,3
9617,4,4,2,3,3,3,3
9622,6,4,2,3,3,3,3
9623,6,4,1,3,3,3,3
9626,6,4,3,3,3,3,3
9638,6,4,5,3,3,3,3
9647,4,4,2,3,3,3,3
9648,6,4,3,3,3,3,3
9650,4,4,3,3,3,3,3
9663,6,4,4,3,3,3,3
9664,3,4,4,3,3,3,3
9675,4,4,5,3,3,3,3
9692,6,4,2,3,3,3,3
9697,6,4,6,3,3,3,3
9699,4,4,1,3,3,3,3
9706,4,4,5,3,3,3,3
9720,4,4,5,3,3,3,3
9721,6,4,4,3,3,3,3
9728,4,4,3,3,3,3,3
9740,4,4,3,3,3,3,3
9743,4,4,4,3,3,3,3
9753,4,4,5,3,3,3,3
9755,6,4,6,3,3,3,3
9776,4,4,1,3,3,3,3
9784,4,4,1,3,3,3,3
9785,6,4,6,3,3,3,3
9798,6,4,1,3,3,3,3
9800,4,4,6,3,3,3,3
9815,4,4,6,3,3,3,3
9819,4,4,5,3,3,3,3
9822,6,4,1,3,3,3,3
9829,6,4,5,3,3,3,3
9831,4,4,2,3,3,3,3
9835,6,4,3,3,3,3,3
9837,4,4,5,3,3,3,3
9838,4,4,3,3,3,3,3
9843,6,4,2,3,3,3,3
9844,4,4,5,3,3,3,3
9846,6,4,1,3,3,3,3
9849,6,4,3,3,3,3,3
9855,4,4,4,3,3,3,3
9858,6,4,2,3,3,3,3
9860,4,4,5,3,3,3,3
9861,6,4,3,3,3,3,3
9862,6,4,1,3,3,3,3
9871,6,4,1,3,3,3,3
9874,6,4,2,3,3,3,3
9877,4,4,3,3,3,3,3
9883,6,4,6,3,3,3,3
9895,4,4,3,3,3,3,3
9903,4,4,4,3,3,3,3
9908,5,4,4,3,3,3,3
9911,6,4,6,3,3,3,3
9917,6,4,1,3,3,3,3
9919,4,4,3,3,3,3,3
9922,4,4,3,3,3,3,3
9923,6,4,4,3,3,3,3
9926,4,4,5,3,3,3,3
9934,4,4,6,3,3,3,3
9938,6,4,6,3,3,3,3
9941,6,4,2,3,3,3,3
9953,4,4,4,3,3,3,3
9955,4,4,6,3,3,3,3
9957,6,4,4,3,3,3,3
9963,2,4,2,3,3,3,3
9968,6,4,1,3,3,3,3
9975,4,4,5,3,3,3,3
9977,6,4,4,3,3,3,3
9978,6,4,5,3,3,3,3
9979,4,4,2,3,3,3,3
9985,4,4,5,3,3,3,3
9986,6,4,3,3,3,3,3
9995,6,4,4,3,3,3,3
9996,6,4,6,3,3,3,3
10005,6,4,6,3,3,3,3
10008,6,4,6,3,3,3,3
10012,4,4,3,3,3,3,3
10014,4,4,4,3,3,3,3
10018,6,4,4,3,3,3,3
10020,4,4,4,3,3,3,3
10022,6,4,6,3,3,3,3
10025,6,4,4,3,3,3,3
10032,6,4,6,3,3,3,3
10053,4,4,4,3,3,3,3
10063,4,4,1,3,3,3,3
10066,4,4,5,3,3,3,3
10067,4,4,1,3,3,3,3
10071,6,4,2,3,3,3,3
10072,6,4,2,3,3,3,3
10079,6,4,2,3,3,3,3
10081,4,4,3,3,3,3,3
10087,4,4,6,3,3,3,3
10106,6,4,5,3,3,3,3
10108,2,4,1,3,3,3,3
10119,6,4,2,3,3,3,3
10124,6,4,2,3,3,3,3
10130,6,4,5,3,3,3,3
10132,6,4,3,3,3,3,3
10136,1,4,3,3,3,3,3
10149,4,4,3,3,3,3,3
10153,6,4,4,3,3,3,3
10162,6,4,5,3,3,3,3
10168,4,4,3,3,3,3,3
10174,4,4,2,3,3,3,3
10182,6,4,2,3,3,3,3
10183,6,4,5,3,3,3,3
10185,6,4,5,3,3,3,3
10187,4,4,2,3,3,3,3
10189,6,4,5,3,3,3,3
10195,6,4,4,3,3,3,3
10198,6,4,1,3,3,3,3
10199,4,4,1,3,3,3,3
10201,6,4,2,3,3,3,3
10204,6,4,1,3,3,3,3
10219,6,4,2,3,3,3,3
10230,6,4,3,3,3,3,3
10247,4,4,5,3,3,3,3
10248,4,4,5,3,3,3,3
10249,4,4,6,3,3,3,3
10251,6,4,3,3,3,3,3
10252,4,4,1,3,3,3,3
10262,6,4,5,3,3,3,3
10265,4,4,2,3,3,3,3
10270,4,4,3,3,3,3,3
10274,6,4,5,3,3,3,3
10276,4,4,2,3,3,3,3
10277,4,4,1,3,3,3,3
10278,4,4,6,3,3,3,3
10282,4,4,1,3,3,3,3
10290,6,4,6,3,3,3,3
10292,4,4,4,3,3,3,3
10297,4,4,2,3,3,3,3
10298,4,4,3,3,3,3,3
10302,4,4,4,3,3,3,3
10305,4,4,3,3,3,3,3
10308,4,4,5,3,3,3,3
10309,4,4,5,3,3,3,3
10317,4,4,6,3,3,3,3
10323,6,4,2,3,3,3,3
10324,2,4,3,1,3,2,1
10334,4,4,5,3,3,3,3
10337,4,4,2,1,1,3,1
10346,4,4,5,3,3,3,3
10354,6,4,6,3,3,3,3
10355,6,4,1,3,3,3,3
10357,6,4,2,3,3,3,3
10360,4,4,4,3,3,3,3
10363,6,4,3,3,3,3,3
10367,4,4,3,3,3,3,3
10376,6,4,3,3,3,3,3
10383,6,4,4,3,3,3,3
10384,6,4,6,3,3,3,3
10385,4,4,3,3,3,3,3
10417,6,4,3,3,3,3,3
10420,6,4,6,3,3,3,3
10425,4,4,6,3,3,3,3
10426,6,4,3,3,3,3,3
10429,6,4,5,3,3,3,3
10434,6,4,6,3,3,3,3
10442,4,4,1,3,3,3,3
10445,6,4,2,3,3,3,3
10449,4,4,2,3,3,3,3
10453,6,4,4,3,3,3,3
10455,4,4,3,3,3,3,3
10456,4,4,2,3,3,3,3
10461,6,4,2,3,3,3,3
10468,4,4,3,3,3,3,3
10477,4,4,2,3,3,3,3
10481,6,4,5,3,3,3,3
10491,6,4,1,3,3,3,3
10496,4,4,1,3,3,3,3
10504,4,4,4,3,3,3,3
10505,1,4,5,3,3,3,3
10521,6,4,2,3,3,3,3
10525,6,4,6,3,3,3,3
10527,4,4,6,3,3,3,3
10528,6,4,3,3,3,3,3
10532,6,4,3,3,3,3,3
10535,6,4,4,3,3,3,3
10545,6,4,4,3,3,3,3
10548,4,4,5,3,3,3,3
10549,6,4,5,3,3,3,3
10554,4,4,2,3,3,3,3
10567,6,4,1,3,3,3,3
10579,6,4,4,3,3,3,3
10592,4,4,3,3,3,3,3
10598,4,4,1,3,3,3,3
10599,6,4,3,3,3,3,3
10607,6,4,6,3,3,3,3
10617,4,4,5,3,3,3,3
10618,4,4,4,3,3,3,3
10632,6,4,5,3,3,3,3
10643,4,4,1,3,3,3,3
10652,6,4,4,3,3,3,3
10658,6,4,4,3,3,3,3
10659,6,4,2,3,3,3,3
10661,4,4,6,3,3,3,3
10663,6,4,3,3,3,3,3
10678,4,4,2,3,3,3,3
10683,6,4,2,3,3,3,3
10685,4,4,6,3,3,3,3
10688,4,4,4,3,3,3,3
10694,4,4,3,3,3,3,3
10696,6,4,6,3,3,3,3
10697,6,4,5,3,3,3,3
10704,4,4,5,3,3,3,3
10708,6,4,2,3,3,3,3
10710,6,4,1,3,3,3,3
10718,6,4,2,3,3,3,3
10722,4,4,6,3,3,3,3
10728,6,4,5,3,3,3,3
10732,4,4,3,3,3,3,3
10738,4,4,4,3,3,3,3
10746,4,4,2,3,3,3,3
10748,4,4,4,3,3,3,3
10753,6,4,1,3,3,3,3
10758,4,4,2,3,3,3,3
10766,6,4,3,3,3,3,3
10775,6,4,2,3,3,3,3
10779,2,4,4,3,3,3,3
10788,6,4,5,3,3,3,3
10791,4,4,1,3,3,3,3
10795,6,4,6,3,3,3,3
10807,6,4,3,3,3,3,3
10808,4,4,3,3,3,3,3
10809,4,4,4,3,3,3,3
10810,4,4,4,3,3,3,3
10814,4,4,6,3,3,3,3
10818,6,4,3,3,3,3,3
10820,4,4,3,3,3,3,3
10821,4,4,6,3,3,3,3
10822,6,4,5,3,3,3,3
10829,4,4,2,3,3,3,3
10831,6,4,4,3,3,3,3
10837,4,4,2,3,3,3,3
10851,4,4,6,3,3,3,3
10862,4,4,3,3,3,3,3
10870,4,4,5,3,3,3,3
10872,4,4,6,3,3,3,3
10874,6,4,2,3,3,3,3
10876,6,4,5,3,3,3,3
10880,6,4,5,3,3,3,3
10885,4,4,1,3,3,3,3
10889,6,4,2,3,3,3,3
10890,4,4,4,3,3,3,3
10895,6,4,1,3,3,3,3
10903,4,4,4,3,3,3,3
10907,6,4,3,3,3,3,3
10911,5,4,2,3,3,3,3
10912,4,4,2,3,3,3,3
10928,6,4,3,3,3,3,3
10930,6,4,3,3,3,3,3
10956,4,4,3,3,3,3,3
10970,4,4,3,3,3,3,3
10975,6,4,1,3,3,3,3
10984,4,4,4,3,3,3,3
10998,4,4,4,3,3,3,3
11003,6,4,1,3,3,3,3
11004,6,4,1,3,3,3,3
11007,6,4,1,3,3,3,3
11008,6,4,2,3,3,3,3
11010,6,4,5,3,3,3,3
11012,6,4,6,3,3,3,3
11015,4,4,3,3,3,3,3
11016,6,4,4,3,3,3,3
11030,1,4,3,3,3,3,3
11031,6,4,5,3,3,3,3
11043,4,4,5,1,1,3,1
11046,4,4,1,3,3,3,3
11047,6,4,4,3,3,3,3
11048,6,4,2,3,3,3,3
11049,4,4,3,3,3,3,3
11050,4,4,5,3,3,3,3
11051,4,4,5,3,3,3,3
11063,4,4,5,3,3,3,3
11066,6,4,4,3,3,3,3
11068,6,4,2,3,3,3,3
11070,6,4,1,3,3,3,3
11073,4,4,1,3,3,3,3
11075,4,4,6,1,1,2,1
11077,6,4,5,3,3,3,3
11083,6,4,5,3,3,3,3
11084,6,4,6,3,3,3,3
11095,6,4,4,3,3,3,3
11107,4,4,4,3,3,3,3
11114,4,4,5,3,3,3,3
11120,4,4,6,3,3,3,3
11127,4,4,4,3,3,3,3
11129,4,4,5,3,3,3,3
11130,6,4,2,3,3,3,3
11131,6,4,4,3,3,3,3
11137,6,4,4,3,3,3,3
11138,4,4,5,3,3,3,3
11148,6,4,2,3,3,3,3
11162,4,4,6,3,3,3,3
11163,6,4,6,3,3,3,3
11164,6,4,4,3,3,3,3
11168,4,4,2,3,3,3,3
11174,6,4,2,3,3,3,3
11181,4,4,6,3,3,3,3
11191,6,4,4,3,3,3,3
11192,6,4,2,3,3,3,3
11201,4,4,4,3,3,3,3
11202,6,4,2,3,3,3,3
11209,4,4,1,3,3,3,3
11213,4,4,5,3,3,3,3
11214,2,4,6,3,3,3,3
11220,6,4,2,3,3,3,3
11221,4,4,4,1,1,1,1
11224,4,4,2,3,3,3,3
11234,6,4,3,3,3,3,3
11236,6,4,6,3,3,3,3
11237,6,4,2,3,3,3,3
11238,4,4,4,3,3,3,3
11239,6,4,2,3,3,3,3
11240,6,4,6,3,3,3,3
11243,4,4,5,3,3,3,3
11246,6,4,4,3,3,3,3
11253,4,4,3,3,3,3,3
11254,6,4,6,3,3,3,3
11257,4,4,2,3,3,3,3
11261,4,4,5,3,3,3,3
11268,4,4,5,3,3,3,3
11275,4,4,1,3,3,3,3
11278,6,4,2,3,3,3,3
11279,6,4,4,3,3,3,3
11291,6,4,3,3,3,3,3
11300,6,4,2,3,3,3,3
11301,4,4,2,3,3,3,3
11302,4,4,3,3,3,3,3
11305,6,4,2,3,3,3,3
11309,4,4,5,3,3,3,3
11321,5,4,2,3,3,3,3
11322,6,4,3,3,3,3,3
11326,4,4,4,3,3,3,3
11329,6,4,2,3,3,3,3
11338,4,4,5,3,3,3,3
11339,6,4,6,3,3,3,3
11348,4,4,4,3,3,3,3
11349,4,4,1,3,3,3,3
11351,3,4,3,3,3,3,3
11352,2,4,2,3,3,3,3
11357,4,4,2,3,3,3,3
11369,4,4,6,3,3,3,3
11377,6,4,1,3,3,3,3
11378,6,4,2,3,3,3,3
11379,4,4,3,3,3,3,3
11383,4,4,2,3,3,3,3
11388,4,4,6,3,3,3,3
11393,4,4,4,3,3,3,3
11398,2,4,6,3,3,3,3
11402,4,4,1,3,3,3,3
11404,5,4,5,2,3,2,1
11407,6,4,3,3,3,3,3
11410,4,4,4,3,3,3,3
11411,6,4,3,3,3,3,3
11412,6,4,5,3,3,3,3
11413,4,4,5,3,3,3,3
11421,6,4,2,3,3,3,3
11437,6,4,6,3,3,3,3
11439,5,4,2,3,3,3,3
11447,4,4,2,3,3,3,3
11454,4,4,5,3,3,3,3
11456,6,4,2,3,3,3,3
11457,4,4,2,3,3,3,3
11458,6,4,4,3,3,3,3
11460,4,4,4,3,3,3,3
11463,4,4,5,3,3,3,3
11474,6,4,3,3,3,3,3
11477,4,4,3,3,3,3,3
11481,6,4,3,3,3,3,3
11482,6,4,1,3,3,3,3
11490,4,4,3,3,3,3,3
11496,4,4,6,3,3,3,3
11498,4,4,3,3,3,3,3
11501,4,4,2,3,3,3,3
11504,6,4,1,3,3,3,3
11511,6,4,1,3,3,3,3
11513,6,4,2,3,3,3,3
11518,6,4,4,3,3,3,3
11528,4,4,2,3,3,3,3
11530,3,4,4,3,3,3,3
11535,5,4,4,3,3,3,3
11541,4,4,5,3,3,3,3
11545,4,4,5,3,3,3,3
11546,4,4,4,3,3,3,3
11555,4,4,5,3,3,3,3
11559,6,4,6,3,3,3,3
11564,6,4,3,3,3,3,3
11571,4,4,1,3,3,3,3
11572,4,4,2,3,3,3,3
11577,4,4,2,3,3,3,3
11582,4,4,6,3,3,3,3
11597,6,4,6,3,3,3,3
11602,4,4,1,3,3,3,3
11604,6,4,3,3,3,3,3
11608,2,4,4,3,3,3,3
11609,4,4,3,3,3,3,3
11610,6,4,5,3,3,3,3
11614,5,4,6,3,3,3,3
11615,4,4,3,3,3,3,3
11617,4,4,2,3,3,3,3
11618,6,4,3,3,3,3,3
11619,4,4,6,3,3,3,3
11620,6,4,1,3,3,3,3
11622,4,4,1,3,3,3,3
11628,6,4,2,3,3,3,3
11637,6,4,2,3,3,3,3
11638,2,4,3,3,3,3,3
11640,4,4,5,3,3,3,3
11644,6,4,3,3,3,3,3
11660,6,4,3,3,3,3,3
11662,4,4,2,3,3,3,3
11666,4,4,4,1,1,1,1
11668,4,4,1,3,3,3,3
11677,4,4,3,3,3,3,3
11690,6,4,5,3,3,3,3
11698,4,4,3,3,3,3,3
11699,4,4,3,3,3,3,3
11703,3,4,6,3,3,3,3
11707,4,4,6,3,3,3,3
11708,6,4,6,3,3,3,3
11710,4,4,4,3,3,3,3
11711,4,4,3,3,3,3,3
11716,6,4,1,3,3,3,3
11727,4,4,1,3,3,3,3
11731,6,4,1,3,3,3,3
11734,6,4,5,3,3,3,3
11742,6,4,4,3,3,3,3
11747,6,4,1,3,3,3,3
11749,4,4,1,3,3,3,3
11753,6,4,6,3,3,3,3
11756,4,4,6,3,3,3,3
11759,6,4,3,3,3,3,3
11765,4,4,1,3,3,3,3
11766,4,4,5,3,3,3,3
11767,6,4,5,3,3,3,3
11771,6,4,1,3,3,3,3
11782,2,4,6,3,3,3,3
11783,4,4,5,3,3,3,3
11784,4,4,5,3,3,3,3
11787,4,4,6,3,3,3,3
11811,4,4,2,3,3,3,3
11832,4,4,5,3,3,3,3
11844,4,4,6,3,3,3,3
11881,6,4,2,3,3,3,3
11888,4,4,3,3,3,3,3
11925,4,4,5,3,3,3,3
11933,6,4,2,3,3,3,3
11940,6,4,1,3,3,3,3
11977,4,4,5,3,3,3,3
11987,4,4,5,3,3,3,3
11989,6,4,4,3,3,3,3
12012,4,4,3,3,3,3,3
12022,6,4,6,3,3,3,3
12040,4,4,5,3,3,3,3
12095,6,4,2,3,3,3,3
12101,6,4,2,3,3,3,3
12110,4,4,4,3,3,3,3
12119,5,4,1,3,3,3,3
12147,6,4,1,3,3,3,3
12162,4,4,3,3,3,3,3
12179,4,4,4,3,3,3,3
12182,4,4,4,3,3,3,3
12190,6,4,2,3,3,3,3
12195,6,4,6,3,3,3,3
12213,6,4,4,3,3,3,3
12232,6,4,5,3,3,3,3
12239,4,4,1,3,3,3,3
12242,6,4,6,3,3,3,3
12253,6,4,2,3,3,3,3
12265,6,4,2,3,3,3,3
12270,6,4,3,3,3,3,3
12275,6,4,6,3,3,3,3
12276,6,4,6,3,3,3,3
12285,6,4,5,3,3,3,3
12298,6,4,4,3,3,3,3
12301,4,4,2,3,3,3,3
12303,4,4,4,3,3,3,3
12306,6,4,5,3,3,3,3
12310,6,4,1,3,3,3,3
12344,6,4,1,3,3,3,3
12345,4,4,6,3,3,3,3
12349,4,4,4,3,3,3,3
12350,4,4,6,3,3,3,3
12354,4,4,3,3,3,3,3
12356,4,4,3,3,3,3,3
12364,6,4,6,3,3,3,3
12367,6,4,3,3,3,3,3
12369,6,4,4,3,3,3,3
12393,4,4,1,3,3,3,3
12396,6,4,1,3,3,3,3
12398,4,4,4,3,3,3,3
12403,4,4,4,1,1,1,1
12405,5,4,6,3,3,3,3
12421,6,4,3,3,3,3,3
12424,6,4,5,3,3,3,3
12425,6,4,4,3,3,3,3
12432,4,4,5,1,1,3,1
12437,4,4,6,3,3,3,3
12441,6,4,4,3,3,3,3
12442,6,4,6,3,3,3,3
12447,6,4,5,3,3,3,3
12455,4,4,2,1,1,3,1
12466,6,4,1,3,3,3,3
12467,4,4,5,3,3,3,3
12468,6,4,1,3,3,3,3
12478,6,4,4,3,3,3,3
12484,6,4,1,3,3,3,3
12487,6,4,5,3,3,3,3
12493,6,4,6,3,3,3,3
12505,6,4,6,3,3,3,3
12507,6,4,5,3,3,3,3
12509,4,4,1,3,3,3,3
12512,4,4,2,3,3,3,3
12519,4,4,2,3,3,3,3
12522,6,4,3,3,3,3,3
12529,6,4,1,3,3,3,3
12530,6,4,6,3,3,3,3
12534,6,4,2,3,3,3,3
12545,6,4,2,3,3,3,3
12551,6,4,3,3,3,3,3
12554,6,4,1,3,3,3,3
12563,6,4,4,3,3,3,3
12565,6,4,1,3,3,3,3
12566,6,4,3,3,3,3,3
12575,6,4,1,3,3,3,3
12586,6,4,6,3,3,3,3
12591,4,4,4,3,3,3,3
12592,4,4,3,3,3,3,3
12594,6,4,6,3,3,3,3
12595,6,4,2,3,3,3,3
12597,2,4,5,3,3,3,3
12601,6,4,6,3,3,3,3
12603,6,4,6,3,3,3,3
12606,6,4,3,3,3,3,3
12608,4,4,5,3,3,3,3
12614,6,4,1,3,3,3,3
12620,6,4,6,3,3,3,3
12621,4,4,5,3,3,3,3
12629,5,4,6,3,3,3,3
12632,4,4,6,3,3,3,3
12635,6,4,3,3,3,3,3
12637,2,4,1,3,3,3,3
12646,6,4,3,3,3,3,3
12653,2,4,3,3,3,3,3
12655,6,4,1,3,3,3,3
12657,4,4,1,3,3,3,3
12662,6,4,3,3,3,3,3
12663,6,4,2,3,3,3,3
12666,4,4,5,1,1,3,1
12669,4,4,2,3,3,3,3
12671,4,4,5,3,3,3,3
12681,6,4,5,3,3,3,3
12687,6,4,6,3,3,3,3
12689,4,4,6,3,3,3,3
12692,6,4,3,3,3,3,3
12698,6,4,4,3,3,3,3
12713,6,4,4,3,3,3,3
12719,4,4,4,1,1,1,1
12724,6,4,5,3,3,3,3
12726,6,4,4,3,3,3,3
12727,2,4,3,3,3,3,3
12729,6,4,1,3,3,3,3
12730,6,4,2,3,3,3,3
12731,5,4,6,3,3,3,3
12734,6,4,5,3,3,3,3
12741,6,4,4,3,3,3,3
12742,4,4,3,3,3,3,3
12746,6,4,5,3,3,3,3
12755,6,4,4,3,3,3,3
12771,6,4,1,3,3,3,3
12778,5,4,5,3,3,3,3
12783,6,4,3,3,3,3,3
12785,4,4,6,3,3,3,3
12794,6,4,6,3,3,3,3
12795,6,4,5,3,3,3,3
12798,4,4,2,3,3,3,3
12806,2,4,4,3,3,3,3
12807,4,4,3,3,3,3,3
12809,6,4,3,3,3,3,3
12813,4,4,4,3,3,3,3
12816,6,4,3,3,3,3,3
12824,5,4,3,3,3,3,3
12830,4,4,5,3,3,3,3
12831,6,4,2,3,3,3,3
12839,5,4,2,3,3,3,3
12851,4,4,1,3,3,3,3
12854,6,4,5,3,3,3,3
12857,5,4,2,3,3,3,3
12861,4,4,2,3,3,3,3
12875,6,4,3,3,3,3,3
12885,5,4,4,3,3,3,3
12889,6,4,5,3,3,3,3
12898,4,4,2,3,3,3,3
12900,6,4,6,3,3,3,3
12908,6,4,2,3,3,3,3
12918,6,4,6,3,3,3,3
12927,4,4,3,3,3,3,3
12928,6,4,6,3,3,3,3
12929,6,4,3,3,3,3,3
12931,6,4,4,3,3,3,3
12941,6,4,5,3,3,3,3
12943,6,4,3,3,3,3,3
12944,6,4,4,3,3,3,3
12945,6,4,6,3,3,3,3
12949,6,4,1,3,3,3,3
12953,6,4,4,3,3,3,3
12954,6,4,1,3,3,3,3
12958,6,4,4,3,3,3,3
12962,6,4,3,3,3,3,3
12970,6,4,3,3,3,3,3
12974,4,4,4,3,3,3,3
12976,2,4,3,3,3,3,3
12984,6,4,4,3,3,3,3
12985,2,4,2,3,3,3,3
12988,6,4,1,3,3,3,3
12997,6,4,4,3,3,3,3
13031,6,4,1,3,3,3,3
13036,6,4,5,3,3,3,3
13037,6,4,4,3,3,3,3
13040,4,4,2,3,3,3,3
13042,4,4,1,3,3,3,3
13046,6,4,1,3,3,3,3
13047,6,4,4,3,3,3,3
13055,6,4,3,3,3,3,3
13064,4,4,5,3,3,3,3
13077,6,4,5,3,3,3,3
13086,6,4,3,3,3,3,3
13096,4,4,2,3,3,3,3
13097,6,4,1,3,3,3,3
13098,4,4,3,3,3,3,3
13102,4,4,6,3,3,3,3
13104,6,4,1,3,3,3,3
13105,2,4,3,3,3,3,3
13106,6,4,1,3,3,3,3
13111,6,4,6,3,3,3,3
13112,4,4,5,3,3,3,3
13114,6,4,6,3,3,3,3
13118,4,4,1,3,3,3,3
13119,6,4,3,3,3,3,3
13124,6,4,5,3,3,3,3
13132,6,4,2,3,3,3,3
13134,6,4,2,3,3,3,3
13141,6,4,4,3,3,3,3
13148,6,4,1,3,3,3,3
13151,6,4,5,3,3,3,3
13158,4,4,1,3,3,3,3
13162,6,4,6,3,3,3,3
13165,4,4,4,1,1,1,1
13166,6,4,6,3,3,3,3
13172,6,4,4,3,3,3,3
13177,4,4,3,1,1,1,1
13179,6,4,6,3,3,3,3
13189,4,4,6,3,3,3,3
13191,6,4,1,3,3,3,3
13199,4,4,3,3,3,3,3
13215,6,4,3,3,3,3,3
13216,4,4,2,1,1,3,1
13223,6,4,5,3,3,3,3
13231,5,4,5,3,3,3,3
13248,4,4,5,1,1,3,1
13250,6,4,1,3,3,3,3
13257,6,4,5,3,3,3,3
13260,4,4,1,3,3,3,3
13265,6,4,6,3,3,3,3
13267,6,4,3,3,3,3,3
13278,6,4,5,3,3,3,3
13282,6,4,4,3,3,3,3
13291,6,4,5,3,3,3,3
13295,6,4,5,3,3,3,3
13296,6,4,2,3,3,3,3
13299,6,4,6,3,3,3,3
13301,6,4,1,3,3,3,3
13304,6,4,1,3,3,3,3
13305,6,4,3,3,3,3,3
13310,6,4,6,3,3,3,3
13323,6,4,2,3,3,3,3
13324,6,4,4,3,3,3,3
13325,4,4,3,3,3,3,3
13326,6,4,2,3,3,3,3
13327,5,4,2,3,3,3,3
13329,4,4,5,3,3,3,3
13330,5,4,2,3,3,3,3
13339,5,4,2,3,3,3,3
13340,6,4,4,3,3,3,3
13341,6,4,2,3,3,3,3
13347,4,4,5,3,3,3,3
13350,6,4,6,3,3,3,3
13356,6,4,2,3,3,3,3
13373,6,4,1,3,3,3,3
13375,6,4,3,3,3,3,3
13376,4,4,3,3,3,3,3
13377,6,4,5,3,3,3,3
13382,6,4,2,3,3,3,3
13392,6,4,2,3,3,3,3
13394,6,4,2,3,3,3,3
13400,6,4,4,3,3,3,3
13418,6,4,5,3,3,3,3
13419,6,4,3,3,3,3,3
13421,6,4,2,3,3,3,3
13429,6,4,5,3,3,3,3
13433,6,4,1,3,3,3,3
13442,4,4,5,1,1,3,1
13463,6,4,5,3,3,3,3
13472,4,4,3,3,3,3,3
13477,6,4,1,3,3,3,3
13478,6,4,2,3,3,3,3
13480,6,4,1,3,3,3,3
13488,4,4,6,3,3,3,3
13493,4,4,1,3,3,3,3
13496,4,4,2,3,3,3,3
13506,6,4,3,3,3,3,3
13513,6,4,4,3,3,3,3
13515,4,4,4,1,1,1,1
13517,6,4,2,3,3,3,3
13518,4,4,3,1,1,1,1
13519,6,4,1,3,3,3,3
13524,6,4,1,3,3,3,3
13528,5,4,1,3,3,3,3
13529,6,4,4,3,3,3,3
13534,4,4,4,1,1,1,1
13545,6,4,6,3,3,3,3
13547,4,4,5,3,3,3,3
13552,6,4,4,3,3,3,3
13558,4,4,4,3,3,3,3
13559,6,4,3,3,3,3,3
13562,4,4,1,3,3,3,3
13571,6,4,4,3,3,3,3
13572,6,4,2,3,3,3,3
13578,4,4,5,3,3,3,3
13587,4,4,4,3,3,3,3
13588,4,4,1,1,1,2,1
13595,6,4,1,3,3,3,3
13598,6,4,1,3,3,3,3
13601,6,4,1,3,3,3,3
13608,6,4,5,3,3,3,3
13611,4,4,4,3,3,3,3
13614,6,4,3,3,3,3,3
13617,6,4,4,3,3,3,3
13618,6,4,2,3,3,3,3
13619,4,4,6,1,1,2,1
13625,6,4,2,3,3,3,3
13637,6,4,1,3,3,3,3
13638,4,4,2,3,3,3,3
13639,6,4,6,3,3,3,3
13643,6,4,4,3,3,3,3
13645,6,4,2,3,3,3,3
13649,4,4,3,3,3,3,3
13664,4,4,5,3,3,3,3
13666,6,4,3,3,3,3,3
13670,6,4,2,3,3,3,3
13680,4,4,6,3,3,3,3
13685,4,4,5,3,3,3,3
13687,5,4,2,3,3,3,3
13688,4,4,1,3,3,3,3
13689,6,4,1,3,3,3,3
13707,6,4,6,3,3,3,3
13715,6,4,3,3,3,3,3
13723,4,4,3,3,3,3,3
13726,4,4,4,3,3,3,3
13734,4,4,2,3,3,3,3
13744,6,4,4,3,3,3,3
13750,2,4,6,3,3,3,3
13752,4,4,2,3,3,3,3
13758,6,4,6,3,3,3,3
13760,4,4,4,3,3,3,3
13763,6,4,5,3,3,3,3
13767,6,4,4,3,3,3,3
13770,4,4,3,3,3,3,3
13771,2,4,4,3,3,3,3
13772,6,4,2,3,3,3,3
13776,6,4,3,3,3,3,3
13791,6,4,3,3,3,3,3
13794,6,4,6,3,3,3,3
13806,6,4,5,3,3,3,3
13819,4,4,3,3,3,3,3
13826,5,4,4,3,3,3,3
13832,4,4,2,3,3,3,3
13835,6,4,4,3,3,3,3
13840,6,4,6,3,3,3,3
13841,6,4,4,3,3,3,3
13850,5,4,4,3,3,3,3
13857,6,4,3,3,3,3,3
13858,4,4,2,1,1,3,1
13866,6,4,3,3,3,3,3
13886,6,4,2,3,3,3,3
13890,4,4,2,3,3,3,3
13901,6,4,2,3,3,3,3
13902,4,4,3,3,3,3,3
13904,6,4,2,3,3,3,3
13914,4,4,1,1,1,2,1
13917,6,4,6,3,3,3,3
13920,6,4,3,3,3,3,3
13926,6,4,1,3,3,3,3
13930,1,4,3,3,3,3,3
13940,6,4,5,3,3,3,3
13941,6,4,5,3,3,3,3
13947,6,4,6,3,3,3,3
13961,6,4,3,3,3,3,3
13966,6,4,2,3,3,3,3
13968,6,4,5,3,3,3,3
13969,6,4,6,3,3,3,3
13979,6,4,5,3,3,3,3
13992,6,4,2,3,3,3,3
13995,4,4,5,3,3,3,3
14002,6,4,3,3,3,3,3
14008,4,4,4,3,3,3,3
14009,6,4,1,3,3,3,3
14010,6,4,5,3,3,3,3
14022,4,4,4,3,3,3,3
14031,4,4,3,3,3,3,3
14035,6,4,5,3,3,3,3
14039,6,4,1,3,3,3,3
14040,6,4,4,3,3,3,3
14044,6,4,1,3,3,3,3
14049,6,4,2,3,3,3,3
14053,6,4,5,3,3,3,3
14063,4,4,1,3,3,3,3
14072,6,4,6,3,3,3,3
14074,6,4,3,3,3,3,3
14088,6,4,5,3,3,3,3
14089,6,4,3,3,3,3,3
14090,6,4,3,3,3,3,3
14105,6,4,5,3,3,3,3
14112,6,4,5,3,3,3,3
14119,6,4,4,3,3,3,3
14131,6,4,5,3,3,3,3
14135,6,4,2,3,3,3,3
14139,6,4,6,3,3,3,3
14147,6,4,6,3,3,3,3
14150,6,4,6,3,3,3,3
14151,6,4,6,3,3,3,3
14163,6,4,3,3,3,3,3
14171,6,4,6,3,3,3,3
14172,4,4,4,3,3,3,3
14181,6,4,2,3,3,3,3
14185,4,4,4,3,3,3,3
14186,6,4,6,3,3,3,3
14191,6,4,1,3,3,3,3
14194,6,4,6,3,3,3,3
14198,6,4,1,3,3,3,3
14200,6,4,1,3,3,3,3
14207,4,4,3,3,3,3,3
14215,6,4,1,3,3,3,3
14219,4,4,5,3,3,3,3
14221,4,4,3,3,3,3,3
14231,5,4,4,3,3,3,3
14235,4,4,1,3,3,3,3
14248,6,4,4,3,3,3,3
14250,6,4,3,3,3,3,3
14251,6,4,2,3,3,3,3
14265,6,4,1,3,3,3,3
14266,6,4,2,3,3,3,3
14267,6,4,6,3,3,3,3
14272,6,4,6,3,3,3,3
14274,4,4,1,3,3,3,3
14290,6,4,2,3,3,3,3
14299,6,4,1,3,3,3,3
14302,6,4,5,3,3,3,3
14303,6,4,3,3,3,3,3
14308,2,4,2,3,3,3,3
14323,4,4,5,3,3,3,3
14324,6,4,1,3,3,3,3
14326,5,4,6,3,3,3,3
14328,4,4,1,3,3,3,3
14329,6,4,6,3,3,3,3
14346,2,4,2,3,3,3,3
14353,6,4,5,3,3,3,3
14367,6,4,5,3,3,3,3
14375,6,4,4,3,3,3,3
14377,6,4,4,3,3,3,3
14381,6,4,5,3,3,3,3
14388,6,4,1,3,3,3,3
14392,5,4,1,3,3,3,3
14397,6,4,3,3,3,3,3
14400,6,4,6,3,3,3,3
14408,4,4,4,1,1,1,1
14409,6,4,1,3,3,3,3
14418,4,4,2,3,3,3,3
14421,6,4,4,3,3,3,3
14425,6,4,3,3,3,3,3
14426,4,4,3,3,3,3,3
14430,4,4,4,3,3,3,3
14433,2,4,4,3,3,3,3
14435,6,4,3,3,3,3,3
14440,6,4,1,3,3,3,3
14446,6,4,2,3,3,3,3
14455,6,4,2,3,3,3,3
14457,6,4,6,3,3,3,3
14461,6,4,5,3,3,3,3
14467,1,4,3,3,3,3,3
14474,6,4,2,3,3,3,3
14475,4,4,4,3,3,3,3
14478,6,4,2,3,3,3,3
14479,4,4,1,3,3,3,3
14485,4,4,6,3,3,3,3
14487,6,4,1,3,3,3,3
14490,6,4,6,3,3,3,3
14509,6,4,4,3,3,3,3
14511,6,4,1,3,3,3,3
14513,6,4,1,3,3,3,3
14518,6,4,1,3,3,3,3
14521,6,4,1,3,3,3,3
14525,6,4,6,3,3,3,3
14531,6,4,5,3,3,3,3
14553,6,4,5,3,3,3,3
14557,6,4,1,3,3,3,3
14558,6,4,5,3,3,3,3
14559,6,4,5,3,3,3,3
14560,6,4,6,3,3,3,3
14571,4,4,2,3,3,3,3
14581,4,4,1,3,3,3,3
14587,6,4,4,3,3,3,3
14594,6,4,5,3,3,3,3
14595,6,4,3,3,3,3,3
14599,4,4,2,1,1,3,1
14600,6,4,5,3,3,3,3
14603,6,4,1,3,3,3,3
14606,6,4,2,3,3,3,3
14615,6,4,3,3,3,3,3
14624,6,4,5,3,3,3,3
14628,6,4,5,3,3,3,3
14631,6,4,4,3,3,3,3
14633,6,4,2,3,3,3,3
14635,6,4,6,3,3,3,3
14637,4,4,6,3,3,3,3
14638,4,4,3,3,3,3,3
14650,6,4,3,3,3,3,3
14651,5,4,3,3,3,3,3
14652,5,4,3,3,3,3,3
14655,4,4,4,3,3,3,3
14673,4,4,6,3,3,3,3
14679,6,4,4,3,3,3,3
14685,6,4,2,3,3,3,3
14690,6,4,5,3,3,3,3
14694,6,4,2,3,3,3,3
14705,6,4,6,3,3,3,3
14707,6,4,5,3,3,3,3
14709,6,4,1,3,3,3,3
14716,6,4,1,3,3,3,3
14718,6,4,6,3,3,3,3
14719,4,4,1,3,3,3,3
14722,6,4,2,3,3,3,3
14727,6,4,3,3,3,3,3
14752,6,4,5,3,3,3,3
14753,4,4,5,3,3,3,3
14755,6,4,4,3,3,3,3
14781,6,4,2,3,3,3,3
14784,6,4,1,3,3,3,3
14787,4,4,4,3,3,3,3
14792,6,4,3,3,3,3,3
14794,6,4,1,3,3,3,3
14805,6,4,6,3,3,3,3
14809,4,4,2,3,3,3,3
14816,6,4,2,3,3,3,3
14818,4,4,4,3,3,3,3
14819,4,4,1,3,3,3,3
14820,6,4,6,3,3,3,3
14828,6,4,3,3,3,3,3
14841,4,4,3,3,3,3,3
14850,6,4,2,3,3,3,3
14851,5,4,3,3,3,3,3
14852,6,4,3,3,3,3,3
14853,4,4,4,3,3,3,3
14863,6,4,5,3,3,3,3
14864,4,4,2,3,3,3,3
14865,4,4,2,1,1,3,1
14871,6,4,6,3,3,3,3
14874,4,4,2,3,3,3,3
14882,6,4,3,3,3,3,3
14886,6,4,3,3,3,3,3
14887,2,4,6,3,3,3,3
14891,6,4,1,3,3,3,3
14895,6,4,5,3,3,3,3
14896,6,4,6,3,3,3,3
14901,6,4,5,3,3,3,3
14903,6,4,2,3,3,3,3
14904,4,4,6,3,3,3,3
14906,6,4,2,3,3,3,3
14909,6,4,1,3,3,3,3
14912,4,4,2,1,1,3,1
14922,4,4,6,3,3,3,3
14934,6,4,6,3,3,3,3
14935,6,4,5,3,3,3,3
14947,6,4,6,3,3,3,3
14948,6,4,3,3,3,3,3
14950,6,4,6,3,3,3,3
14960,4,4,5,1,1,3,1
14963,4,4,1,3,3,3,3
14966,6,4,4,3,3,3,3
14967,6,4,6,3,3,3,3
14969,4,4,5,3,3,3,3
14970,6,4,2,3,3,3,3
14974,4,4,4,3,3,3,3
14976,6,4,1,3,3,3,3
14980,6,4,5,3,3,3,3
14997,6,4,2,3,3,3,3
15000,6,4,1,3,3,3,3
15001,4,4,5,3,3,3,3
15003,6,4,6,3,3,3,3
15004,5,4,2,3,3,3,3
15005,6,4,1,3,3,3,3
15008,6,4,5,3,3,3,3
15014,6,4,3,3,3,3,3
15015,6,4,6,3,3,3,3
15019,6,4,5,3,3,3,3
15028,6,4,2,3,3,3,3
15036,6,4,6,3,3,3,3
15039,4,4,3,3,3,3,3
15045,6,4,1,3,3,3,3
15048,6,4,5,3,3,3,3
15050,6,4,2,3,3,3,3
15053,6,4,1,3,3,3,3
15054,6,4,2,3,3,3,3
15060,6,4,6,3,3,3,3
15067,6,4,3,3,3,3,3
15075,6,4,1,3,3,3,3
15084,6,4,3,3,3,3,3
15086,4,4,4,3,3,3,3
15087,4,4,6,3,3,3,3
15089,4,4,5,3,3,3,3
15096,4,4,2,3,3,3,3
15101,6,4,5,3,3,3,3
15117,6,4,2,3,3,3,3
15123,6,4,1,3,3,3,3
15127,6,4,1,3,3,3,3
15129,4,4,5,3,3,3,3
15136,5,4,1,3,3,3,3
15139,6,4,1,3,3,3,3
15140,6,4,4,3,3,3,3
15144,4,4,5,3,3,3,3
15146,5,4,4,3,3,3,3
15160,6,4,1,3,3,3,3
15161,6,4,3,3,3,3,3
15164,4,4,6,3,3,3,3
15165,6,4,5,3,3,3,3
15170,6,4,1,3,3,3,3
15172,4,4,3,3,3,3,3
15174,6,4,2,3,3,3,3
15179,6,4,6,3,3,3,3
15196,4,4,2,3,3,3,3
15197,6,4,4,3,3,3,3
15201,6,4,4,3,3,3,3
15208,4,4,3,1,1,1,1
15220,6,4,6,3,3,3,3
15224,6,4,6,3,3,3,3
15232,6,4,2,3,3,3,3
15240,6,4,2,3,3,3,3
15248,4,4,2,3,3,3,3
15252,6,4,3,3,3,3,3
15256,6,4,5,3,3,3,3
15257,6,4,1,3,3,3,3
15261,6,4,6,3,3,3,3
15265,6,4,4,3,3,3,3
15273,6,4,6,3,3,3,3
15277,6,4,1,3,3,3,3
15281,4,4,1,1,1,2,1
15290,6,4,6,3,3,3,3
15293,6,4,4,3,3,3,3
15301,4,4,4,3,3,3,3
15303,6,4,4,3,3,3,3
15304,4,4,4,1,1,1,1
15318,6,4,6,3,3,3,3
15326,4,4,5,3,3,3,3
15329,4,4,4,3,3,3,3
15332,4,4,3,3,3,3,3
15340,6,4,3,3,3,3,3
15348,4,4,2,3,3,3,3
15354,6,4,6,3,3,3,3
15360,5,4,5,3,3,3,3
15371,4,4,4,3,3,3,3
15389,5,4,4,3,3,3,3
15392,6,4,4,3,3,3,3
15393,6,4,3,3,3,3,3
15397,6,4,2,3,3,3,3
15405,6,4,3,3,3,3,3
15422,6,4,3,3,3,3,3
15424,6,4,6,3,3,3,3
15428,5,4,4,3,3,3,3
15431,6,4,2,3,3,3,3
15432,4,4,1,3,3,3,3
15439,4,4,3,3,3,3,3
15453,6,4,1,3,3,3,3
15465,6,4,3,3,3,3,3
15475,6,4,6,3,3,3,3
15477,4,4,2,1,1,3,1
15479,6,4,6,3,3,3,3
15480,6,4,4,3,3,3,3
15483,6,4,1,3,3,3,3
15492,4,4,2,3,3,3,3
15493,6,4,6,3,3,3,3
15499,4,4,1,3,3,3,3
15500,6,4,1,3,3,3,3
15504,6,4,1,3,3,3,3
15507,4,4,1,1,1,2,1
15509,4,4,4,3,3,3,3
15511,6,4,5,3,3,3,3
15513,6,4,3,3,3,3,3
15529,6,4,5,3,3,3,3
15533,6,4,6,3,3,3,3
15540,4,4,2,3,3,3,3
15541,6,4,5,3,3,3,3
15547,6,4,2,3,3,3,3
15550,6,4,4,3,3,3,3
15556,4,4,1,1,1,2,1
15557,6,4,4,3,3,3,3
15578,6,4,3,3,3,3,3
15591,4,4,3,3,3,3,3
15598,4,4,5,3,3,3,3
15602,6,4,4,3,3,3,3
15609,6,4,1,3,3,3,3
15614,6,4,2,2,1,3,1
15629,4,4,1,3,3,3,3
15631,4,4,1,3,3,3,3
15640,6,4,3,3,3,3,3
15643,6,4,4,3,3,3,3
15645,6,4,2,3,3,3,3
15647,6,4,4,3,3,3,3
15649,6,4,2,3,3,3,3
15652,4,4,5,3,3,3,3
15665,6,4,3,3,3,3,3
15674,6,4,6,3,3,3,3
15678,6,4,4,3,3,3,3
15681,6,4,4,3,3,3,3
15686,4,4,3,3,3,3,3
15691,6,4,2,3,3,3,3
15694,6,4,5,3,3,3,3
15697,6,4,2,3,3,3,3
15702,6,4,4,3,3,3,3
15708,4,4,6,3,3,3,3
15711,4,4,2,3,3,3,3
15712,6,4,3,3,3,3,3
15720,6,4,4,3,3,3,3
15727,6,4,1,3,3,3,3
15729,4,4,1,3,3,3,3
15730,6,4,4,3,3,3,3
15732,4,4,1,3,3,3,3
15738,6,4,5,3,3,3,3
15746,6,4,4,3,3,3,3
15749,6,4,5,3,3,3,3
15753,6,4,6,3,3,3,3
15758,6,4,5,3,3,3,3
15763,6,4,6,3,3,3,3
15764,6,4,3,3,3,3,3
15766,6,4,4,3,3,3,3
15768,4,4,6,3,3,3,3
15774,6,4,2,3,3,3,3
15779,4,4,2,1,1,3,1
15782,6,4,1,3,3,3,3
15789,4,4,3,3,3,3,3
15797,4,4,2,3,3,3,3
15801,6,4,2,3,3,3,3
15802,6,4,1,3,3,3,3
15809,6,4,3,3,3,3,3
15814,4,4,4,3,3,3,3
15825,6,4,4,3,3,3,3
15832,6,4,1,3,3,3,3
15834,6,4,2,3,3,3,3
15842,4,4,6,3,3,3,3
15854,4,4,3,3,3,3,3
15862,6,4,2,3,3,3,3
15873,4,4,6,1,1,2,1
15876,4,4,5,3,3,3,3
15882,6,4,4,3,3,3,3
15890,4,4,6,3,3,3,3
15896,6,4,3,3,3,3,3
15897,6,4,2,3,3,3,3
15910,6,4,1,3,3,3,3
15915,4,4,4,3,3,3,3
15920,6,4,6,3,3,3,3
15927,6,4,1,3,3,3,3
15930,6,4,6,3,3,3,3
15932,3,4,4,3,3,3,3
15941,4,4,5,3,3,3,3
15950,5,4,1,3,3,3,3
15956,6,4,2,3,3,3,3
15961,4,4,5,3,3,3,3
15976,6,4,6,3,3,3,3
15978,6,4,2,3,3,3,3
15979,6,4,6,3,3,3,3
15982,6,4,6,3,3,3,3
15986,4,4,6,1,1,2,1
16009,4,4,4,1,1,1,1
16010,6,4,3,3,3,3,3
16015,6,4,1,3,3,3,3
16021,2,4,6,3,3,3,3
16029,6,4,5,3,3,3,3
16038,6,4,1,3,3,3,3
16040,6,4,3,3,3,3,3
16046,6,4,2,3,3,3,3
16048,6,4,2,3,3,3,3
16053,6,4,5,3,3,3,3
16060,6,4,6,3,3,3,3
16071,6,4,3,3,3,3,3
16072,6,4,5,3,3,3,3
16073,4,4,2,3,3,3,3
16075,4,4,2,3,3,3,3
16076,4,4,1,1,1,2,1
16078,6,4,1,3,3,3,3
16080,6,4,5,3,3,3,3
16084,6,4,6,3,3,3,3
16090,6,4,1,3,3,3,3
16094,6,4,3,3,3,3,3
16098,6,4,4,3,3,3,3
16101,4,4,6,3,3,3,3
16108,6,4,3,3,3,3,3
16123,6,4,1,3,3,3,3
16126,6,4,5,3,3,3,3
16127,4,4,2,3,3,3,3
16129,6,4,1,3,3,3,3
16132,6,4,1,2,1,2,1
16135,6,4,3,3,3,3,3
16141,4,4,4,3,3,3,3
16147,4,4,6,3,3,3,3
16155,6,4,1,3,3,3,3
16162,6,4,3,3,3,3,3
16166,6,4,5,3,3,3,3
16167,4,4,2,1,1,3,1
16171,4,4,2,3,3,3,3
16172,6,4,2,3,3,3,3
16174,6,4,3,3,3,3,3
16181,6,4,6,3,3,3,3
16185,6,4,3,3,3,3,3
16186,6,4,3,3,3,3,3
16191,6,4,5,3,3,3,3
16195,4,4,2,1,1,3,1
16196,6,4,5,3,3,3,3
16202,6,4,3,3,3,3,3
16208,6,4,4,3,3,3,3
16210,4,4,4,3,3,3,3
16229,4,4,3,3,3,3,3
16234,4,4,2,3,3,3,3
16239,6,4,4,3,3,3,3
16242,6,4,4,3,3,3,3
16248,4,4,2,3,3,3,3
16257,4,4,6,3,3,3,3
16274,2,4,4,3,3,3,3
16275,4,4,4,1,1,1,1
16276,4,4,6,3,3,3,3
16278,4,4,1,3,3,3,3
16283,6,4,6,2,1,2,1
16284,4,4,4,1,1,1,1
16286,6,4,3,2,1,1,1
16287,4,4,1,3,3,3,3
16289,6,4,2,3,3,3,3
16296,4,4,2,3,3,3,3
16302,4,4,6,3,3,3,3
16304,5,4,3,3,3,3,3
16305,6,4,1,3,3,3,3
16307,6,4,4,3,3,3,3
16312,6,4,1,3,3,3,3
16315,6,4,2,3,3,3,3
16316,6,4,2,3,3,3,3
16319,4,4,5,3,3,3,3
16333,6,4,2,3,3,3,3
16336,4,4,4,3,3,3,3
16347,6,4,1,3,3,3,3
16356,6,4,6,3,3,3,3
16357,6,4,1,3,3,3,3
16364,4,4,1,3,3,3,3
16365,4,4,5,1,1,3,1
16380,4,4,5,3,3,3,3
16384,4,4,5,1,1,3,1
16386,6,4,2,3,3,3,3
16388,4,4,1,1,1,2,1
16395,4,4,3,1,1,1,1
16398,6,4,3,3,3,3,3
16399,6,4,1,3,3,3,3
16402,4,4,4,1,1,1,1
16404,4,4,4,3,3,3,3
16406,5,4,5,3,3,3,3
16409,6,4,2,3,3,3,3
16412,6,4,2,3,3,3,3
16414,4,4,6,3,3,3,3
16417,6,4,5,3,3,3,3
16419,4,4,6,1,1,2,1
16428,6,4,6,3,3,3,3
16431,4,4,3,1,1,1,1
16435,4,4,3,3,3,3,3
16440,4,4,5,3,3,3,3
16444,4,4,1,1,1,2,1
16445,6,4,1,3,3,3,3
16447,4,4,3,1,1,1,1
16451,6,4,4,3,3,3,3
16460,6,4,6,3,3,3,3
16465,5,4,4,3,3,3,3
16468,6,4,2,3,3,3,3
16478,4,4,1,3,3,3,3
16479,2,4,1,3,3,3,3
16481,5,4,4,3,3,3,3
16487,6,4,1,3,3,3,3
16489,4,4,6,3,3,3,3
16492,4,4,3,3,3,3,3
16494,6,4,6,3,3,3,3
16502,6,4,2,3,3,3,3
16507,4,4,4,3,3,3,3
16508,6,4,2,3,3,3,3
16518,6,4,4,3,3,3,3
16520,6,4,1,3,3,3,3
16522,4,4,5,3,3,3,3
16525,4,4,1,3,3,3,3
16532,5,4,2,3,3,3,3
16551,6,4,3,3,3,3,3
16554,6,4,6,3,3,3,3
16556,6,4,2,3,3,3,3
16573,6,4,6,3,3,3,3
16579,6,4,2,3,3,3,3
16583,6,4,6,2,1,2,1
16586,6,4,5,3,3,3,3
16589,4,4,6,3,3,3,3
16590,4,4,5,3,3,3,3
16599,6,4,1,3,3,3,3
16605,4,4,1,3,3,3,3
16607,4,4,3,1,1,1,1
16612,4,4,1,3,3,3,3
16615,4,4,2,3,3,3,3
16617,6,4,2,3,3,3,3
16623,4,4,4,1,1,1,1
16627,6,4,1,3,3,3,3
16645,6,4,2,3,3,3,3
16661,4,4,5,3,3,3,3
16672,4,4,6,3,3,3,3
16682,6,4,5,3,3,3,3
16691,1,4,3,3,3,3,3
16693,2,4,1,3,3,3,3
16697,4,4,6,3,3,3,3
16701,4,4,2,1,1,3,1
16705,6,4,3,3,3,3,3
16712,6,4,3,3,3,3,3
16720,4,4,2,3,3,3,3
16721,4,4,4,3,3,3,3
16724,6,4,3,3,3,3,3
16726,4,4,3,3,3,3,3
16734,6,4,5,3,3,3,3
16743,6,4,5,2,1,3,1
16754,4,4,5,3,3,3,3
16760,6,4,2,3,3,3,3
16762,6,4,6,3,3,3,3
16766,4,4,4,3,3,3,3
16767,6,4,5,3,3,3,3
16770,4,4,2,3,3,3,3
16778,6,4,5,3,3,3,3
16795,6,4,3,3,3,3,3
16803,4,4,4,3,3,3,3
16806,6,4,4,3,3,3,3
16809,6,4,6,3,3,3,3
16813,4,4,2,3,3,3,3
16815,4,4,3,3,3,3,3
16816,6,4,5,3,3,3,3
16820,6,4,6,3,3,3,3
16824,6,4,4,3,3,3,3
16827,4,4,1,3,3,3,3
16829,4,4,2,3,3,3,3
16830,6,4,5,3,3,3,3
16840,4,4,2,1,1,3,1
16844,4,4,1,3,3,3,3
16857,6,4,4,3,3,3,3
16860,6,4,1,3,3,3,3
16862,4,4,5,3,3,3,3
16865,5,4,3,3,3,3,3
16868,4,4,3,1,1,1,1
16873,4,4,6,3,3,3,3
16880,6,4,2,3,3,3,3
16887,4,4,3,3,3,3,3
16889,6,4,5,3,3,3,3
16891,6,4,4,3,3,3,3
16892,6,4,1,3,3,3,3
16900,6,4,5,3,3,3,3
16901,4,4,6,3,3,3,3
16910,4,4,1,3,3,3,3
16918,4,4,6,3,3,3,3
16919,4,4,1,3,3,3,3
16928,4,4,5,3,3,3,3
16932,6,4,2,3,3,3,3
16935,6,4,3,3,3,3,3
16937,6,4,3,3,3,3,3
16940,6,4,4,3,3,3,3
16945,6,4,6,3,3,3,3
16951,6,4,3,3,3,3,3
16972,4,4,5,3,3,3,3
16981,6,4,5,3,3,3,3
16993,6,4,3,3,3,3,3
16994,4,4,3,3,3,3,3
17016,6,4,6,3,3,3,3
17025,6,4,5,3,3,3,3
17029,6,4,3,3,3,3,3
17030,6,4,3,3,3,3,3
17042,4,4,4,3,3,3,3
17047,6,4,1,3,3,3,3
17056,6,4,5,3,3,3,3
17059,5,4,6,3,3,3,3
17061,6,4,1,3,3,3,3
17062,6,4,2,3,3,3,3
17064,4,4,5,3,3,3,3
17065,6,4,1,3,3,3,3
17066,6,4,6,3,3,3,3
17068,6,4,6,3,3,3,3
17073,4,4,4,3,3,3,3
17075,6,4,4,3,3,3,3
17084,6,4,3,3,3,3,3
17085,6,4,4,3,3,3,3
17087,4,4,2,1,1,3,1
17088,6,4,4,3,3,3,3
17089,4,4,5,3,3,3,3
17095,6,4,3,3,3,3,3
17096,6,4,3,3,3,3,3
17098,4,4,3,3,3,3,3
17099,6,4,6,3,3,3,3
17110,6,4,1,3,3,3,3
17112,6,4,1,3,3,3,3
17117,6,4,1,2,1,2,1
17122,4,4,1,3,3,3,3
17126,4,4,3,3,3,3,3
17129,4,4,2,3,3,3,3
17144,4,4,2,1,1,3,1
17160,4,4,3,3,3,3,3
17161,6,4,5,3,3,3,3
17162,6,4,6,3,3,3,3
17163,5,4,4,3,3,3,3
17169,6,4,2,3,3,3,3
17176,4,4,2,3,3,3,3
17178,6,4,5,3,3,3,3
17181,6,4,1,3,3,3,3
17187,6,4,4,3,3,3,3
17190,6,4,5,3,3,3,3
17211,6,4,5,3,3,3,3
17220,4,4,5,3,3,3,3
17225,4,4,4,3,3,3,3
17226,4,4,4,3,3,3,3
17230,6,4,1,3,3,3,3
17231,4,4,3,3,3,3,3
17233,6,4,4,3,3,3,3
17235,6,4,4,3,3,3,3
17239,6,4,5,3,3,3,3
17247,6,4,6,3,3,3,3
17249,4,4,4,3,3,3,3
17253,6,4,2,3,3,3,3
17263,4,4,2,3,3,3,3
17265,6,4,6,3,3,3,3
17267,6,4,5,3,3,3,3
17269,4,4,4,3,3,3,3
17270,4,4,2,3,3,3,3
17273,4,4,6,3,3,3,3
17275,4,4,5,1,1,3,1
17279,6,4,3,2,1,1,1
17292,6,4,6,3,3,3,3
17296,6,4,5,3,3,3,3
17302,4,4,6,3,3,3,3
17303,6,4,3,3,3,3,3
17304,4,4,2,1,1,3,1
17312,6,4,1,3,3,3,3
17320,4,4,2,1,1,3,1
17322,6,4,3,3,3,3,3
17325,6,4,5,3,3,3,3
17326,4,4,3,1,1,1,1
17340,4,4,4,3,3,3,3
17343,4,4,2,3,3,3,3
17344,4,4,2,3,3,3,3
17345,6,4,5,3,3,3,3
17349,6,4,4,3,3,3,3
17365,6,4,2,2,1,3,1
17369,6,4,2,3,3,3,3
17374,4,4,4,3,3,3,3
17376,6,4,6,3,3,3,3
17378,6,4,1,3,3,3,3
17379,6,4,3,3,3,3,3
17401,6,4,4,3,3,3,3
17405,6,4,6,3,3,3,3
17408,6,4,1,3,3,3,3
17411,6,4,3,3,3,3,3
17417,6,4,3,3,3,3,3
17422,4,4,2,1,1,3,1
17424,6,4,3,3,3,3,3
17426,6,4,5,3,3,3,3
17429,4,4,6,3,3,3,3
17431,6,4,2,3,3,3,3
17434,4,4,5,3,3,3,3
17444,6,4,1,3,3,3,3
17445,4,4,5,3,3,3,3
17452,6,4,1,3,3,3,3
17456,6,4,3,3,3,3,3
17467,6,4,2,3,3,3,3
17480,6,4,1,3,3,3,3
17486,6,4,4,3,3,3,3
17487,4,4,5,3,3,3,3
17495,6,4,1,3,3,3,3
17496,4,4,1,3,3,3,3
17507,4,4,3,3,3,3,3
17516,6,4,3,3,3,3,3
17518,6,4,1,3,3,3,3
17519,4,4,1,3,3,3,3
17521,6,4,2,3,3,3,3
17525,2,4,3,3,3,3,3
17535,6,4,3,3,3,3,3
17538,4,4,3,1,1,1,1
17539,4,4,5,1,1,3,1
17541,4,4,5,3,3,3,3
17550,4,4,1,1,1,2,1
17552,4,4,1,1,1,2,1
17553,4,4,3,1,1,1,1
17557,6,4,4,3,3,3,3
17558,6,4,6,3,3,3,3
17559,6,4,2,3,3,3,3
17573,6,4,3,3,3,3,3
17581,6,4,6,3,3,3,3
17590,6,4,3,3,3,3,3
17599,6,4,3,3,3,3,3
17605,4,4,3,1,1,1,1
17608,4,4,4,3,3,3,3
17613,4,4,1,3,3,3,3
17614,4,4,3,3,3,3,3
17628,6,4,5,3,3,3,3
17629,4,4,4,1,1,1,1
17631,6,4,4,2,1,1,1
17632,4,4,2,3,3,3,3
17635,4,4,6,3,3,3,3
17638,6,4,1,3,3,3,3
17640,6,4,5,3,3,3,3
17643,6,4,6,3,3,3,3
17660,4,4,4,3,3,3,3
17663,6,4,3,3,3,3,3
17678,5,4,5,3,3,3,3
17683,6,4,1,3,3,3,3
17685,4,4,5,1,1,3,1
17696,6,4,5,3,3,3,3
17701,5,4,3,3,3,3,3
17703,6,4,5,3,3,3,3
17710,6,4,2,3,3,3,3
17711,4,4,3,3,3,3,3
17718,6,4,4,3,3,3,3
17720,6,4,1,3,3,3,3
17741,6,4,1,2,1,2,1
17750,6,4,5,3,3,3,3
17753,6,4,3,3,3,3,3
17770,4,4,6,3,3,3,3
17781,6,4,1,3,3,3,3
17785,6,4,2,3,3,3,3
17792,6,4,1,3,3,3,3
17820,4,4,4,3,3,3,3
17821,6,4,5,3,3,3,3
17825,6,4,1,3,3,3,3
17832,6,4,6,3,3,3,3
17840,6,4,2,3,3,3,3
17841,6,4,6,3,3,3,3
17843,4,4,1,3,3,3,3
17844,6,4,6,3,3,3,3
17850,4,4,4,3,3,3,3
17851,4,4,5,1,1,3,1
17854,6,4,2,3,3,3,3
17856,4,4,6,3,3,3,3
17858,6,4,6,3,3,3,3
17862,6,4,4,3,3,3,3
17871,6,4,5,2,1,3,1
17872,4,4,5,3,3,3,3
17882,6,4,1,3,3,3,3
17887,6,4,1,3,3,3,3
17891,6,4,6,3,3,3,3
17892,4,4,1,3,3,3,3
17901,6,4,3,3,3,3,3
17920,6,4,4,3,3,3,3
17921,6,4,5,3,3,3,3
17936,4,4,5,3,3,3,3
17938,4,4,6,3,3,3,3
17946,4,4,6,3,3,3,3
17948,6,4,1,3,3,3,3
17949,4,4,4,3,3,3,3
17950,6,4,1,3,3,3,3
17957,4,4,3,3,3,3,3
17967,4,4,5,3,3,3,3
17976,4,4,2,3,3,3,3
17981,6,4,2,3,3,3,3
17985,4,4,6,3,3,3,3
17992,6,4,1,3,3,3,3
17998,6,4,5,3,3,3,3
18005,6,4,1,3,3,3,3
18022,4,4,2,3,3,3,3
18023,6,4,3,3,3,3,3
18025,4,4,2,3,3,3,3
18026,6,4,1,3,3,3,3
18045,6,4,5,3,3,3,3
18046,4,4,2,3,3,3,3
18047,4,4,6,3,3,3,3
18053,6,4,6,3,3,3,3
18056,6,4,4,3,3,3,3
18059,6,4,2,3,3,3,3
18064,6,4,6,3,3,3,3
18066,6,4,5,3,3,3,3
18074,6,4,2,3,3,3,3
18076,6,4,3,3,3,3,3
18077,6,4,3,3,3,3,3
18080,4,4,5,3,3,3,3
18081,4,4,3,3,3,3,3
18090,5,4,2,3,3,3,3
18098,5,4,5,3,3,3,3
18103,4,4,3,1,1,1,1
18111,6,4,1,3,3,3,3
18113,6,4,1,3,3,3,3
18122,4,4,5,3,3,3,3
18125,4,4,1,3,3,3,3
18126,6,4,4,3,3,3,3
18131,6,4,1,3,3,3,3
18145,5,4,3,3,3,3,3
18151,6,4,1,3,3,3,3
18154,6,4,3,3,3,3,3
18157,5,4,2,3,3,3,3
18164,6,4,3,3,3,3,3
18169,4,4,6,3,3,3,3
18186,6,4,4,3,3,3,3
18188,4,4,2,3,3,3,3
18192,4,4,6,1,1,2,1
18196,6,4,3,3,3,3,3
18197,6,4,2,3,3,3,3
18203,6,4,5,3,3,3,3
18206,4,4,6,3,3,3,3
18213,4,4,4,3,3,3,3
18215,5,4,5,3,3,3,3
18229,4,4,5,3,3,3,3
18233,6,4,3,3,3,3,3
18236,6,4,4,3,3,3,3
18241,4,4,3,3,3,3,3
18261,6,4,2,3,3,3,3
18264,6,4,2,3,3,3,3
18285,4,4,1,3,3,3,3
18289,6,4,5,3,3,3,3
18297,4,4,5,3,3,3,3
18302,6,4,4,3,3,3,3
18303,6,4,6,3,3,3,3
18309,6,4,3,3,3,3,3
18323,6,4,5,3,3,3,3
18326,4,4,2,1,1,3,1
18337,6,4,3,3,3,3,3
18351,6,4,6,3,3,3,3
18358,4,4,3,3,3,3,3
18365,5,4,1,3,3,3,3
18366,4,4,4,3,3,3,3
18369,4,4,5,3,3,3,3
18371,6,4,5,3,3,3,3
18373,4,4,5,1,1,3,1
18380,6,4,2,3,3,3,3
18381,6,4,1,3,3,3,3
18387,6,4,5,3,3,3,3
18389,6,4,4,3,3,3,3
18391,6,4,2,3,3,3,3
18394,4,4,4,3,3,3,3
18404,4,4,4,3,3,3,3
18409,4,4,4,3,3,3,3
18411,6,4,3,3,3,3,3
18412,5,4,3,3,3,3,3
18419,6,4,1,3,3,3,3
18420,4,4,4,1,1,1,1
18427,6,4,1,3,3,3,3
18429,4,4,1,1,1,2,1
18438,6,4,1,3,3,3,3
18460,4,4,6,3,3,3,3
18463,6,4,3,3,3,3,3
18468,6,4,6,3,3,3,3
18473,6,4,2,3,3,3,3
18483,6,4,1,3,3,3,3
18489,6,4,5,3,3,3,3
18490,6,4,5,3,3,3,3
18501,6,4,2,3,3,3,3
18502,4,4,3,3,3,3,3
18503,4,4,3,3,3,3,3
18505,4,4,4,3,3,3,3
18506,6,4,3,3,3,3,3
18508,6,4,4,3,3,3,3
18515,6,4,3,3,3,3,3
18518,4,4,4,3,3,3,3
18521,6,4,4,3,3,3,3
18522,6,4,2,3,3,3,3
18524,4,4,6,1,1,2,1
18533,5,4,5,3,3,3,3
18537,6,4,6,3,3,3,3
18541,4,4,2,3,3,3,3
18549,6,4,5,3,3,3,3
18553,4,4,3,3,3,3,3
18554,6,4,2,3,3,3,3
18556,6,4,2,3,3,3,3
18558,6,4,1,3,3,3,3
18563,4,4,6,3,3,3,3
18565,6,4,6,3,3,3,3
18568,6,4,2,3,3,3,3
18571,4,4,2,3,3,3,3
18573,6,4,3,3,3,3,3
18580,4,4,3,3,3,3,3
18589,6,4,5,3,3,3,3
18593,4,4,2,1,1,3,1
18597,4,4,3,3,3,3,3
18599,6,4,5,3,3,3,3
18606,6,4,2,3,3,3,3
18607,4,4,4,3,3,3,3
18615,6,4,3,3,3,3,3
18622,4,4,3,3,3,3,3
18624,4,4,3,3,3,3,3
18631,5,4,1,3,3,3,3
18632,6,4,5,3,3,3,3
18634,4,4,3,3,3,3,3
18636,4,4,3,3,3,3,3
18648,4,4,6,3,3,3,3
18652,4,4,4,3,3,3,3
18660,6,4,5,3,3,3,3
18661,4,4,1,1,1,2,1
18663,6,4,3,3,3,3,3
18676,4,4,1,3,3,3,3
18683,2,4,2,3,3,3,3
18694,6,4,1,3,3,3,3
18697,6,4,3,3,3,3,3
18698,6,4,2,3,3,3,3
18699,4,4,5,3,3,3,3
18709,6,4,2,3,3,3,3
18712,4,4,3,3,3,3,3
18715,6,4,1,3,3,3,3
18718,4,4,1,3,3,3,3
18722,6,4,2,3,3,3,3
18729,6,4,5,3,3,3,3
18737,6,4,1,3,3,3,3
18746,4,4,3,3,3,3,3
18759,4,4,1,1,1,2,1
18760,4,4,4,3,3,3,3
18762,6,4,1,3,3,3,3
18764,6,4,1,3,3,3,3
18765,4,4,4,1,1,1,1
18768,6,4,5,3,3,3,3
18774,4,4,4,3,3,3,3
18778,4,4,2,3,3,3,3
18784,6,4,2,3,3,3,3
18790,6,4,5,3,3,3,3
18803,4,4,3,3,3,3,3
18805,4,4,5,3,3,3,3
18822,6,4,3,3,3,3,3
18823,6,4,1,3,3,3,3
18824,6,4,6,3,3,3,3
18829,6,4,2,3,3,3,3
18839,6,4,3,3,3,3,3
18842,6,4,2,3,3,3,3
18849,4,4,2,3,3,3,3
18853,4,4,2,3,3,3,3
18855,6,4,5,3,3,3,3
18857,4,4,5,3,3,3,3
18865,4,4,3,3,3,3,3
18867,6,4,6,3,3,3,3
18872,6,4,1,3,3,3,3
18873,4,4,1,3,3,3,3
18875,6,4,2,3,3,3,3
18877,4,4,6,3,3,3,3
18883,6,4,2,3,3,3,3
18884,6,4,1,3,3,3,3
18885,6,4,5,3,3,3,3
18887,4,4,6,3,3,3,3
18889,4,4,3,3,3,3,3
18896,4,4,1,3,3,3,3
18897,6,4,6,3,3,3,3
18907,4,4,4,3,3,3,3
18911,4,4,3,3,3,3,3
18925,4,4,5,1,1,3,1
18932,6,4,1,3,3,3,3
18933,4,4,6,3,3,3,3
18943,6,4,1,3,3,3,3
18947,4,4,6,3,3,3,3
18948,4,4,3,3,3,3,3
18955,4,4,6,3,3,3,3
18965,4,4,1,3,3,3,3
18976,4,4,2,1,1,3,1
18987,4,4,5,1,1,3,1
18992,6,4,4,3,3,3,3
19009,4,4,6,3,3,3,3
19012,6,4,3,3,3,3,3
19014,6,4,2,3,3,3,3
19016,4,4,4,1,1,1,1
19021,4,4,2,1,1,3,1
19033,6,4,2,3,3,3,3
19037,4,4,6,3,3,3,3
19038,4,4,2,3,3,3,3
19041,4,4,5,3,3,3,3
19047,4,4,1,1,1,2,1
19049,4,4,4,3,3,3,3
19053,4,4,4,3,3,3,3
19059,4,4,6,3,3,3,3
19063,4,4,1,3,3,3,3
19065,4,4,2,1,1,3,1
19075,4,4,2,3,3,3,3
19081,4,4,4,1,1,1,1
19083,6,4,2,3,3,3,3
19088,4,4,3,3,3,3,3
19093,6,4,5,3,3,3,3
19102,4,4,4,3,3,3,3
19118,6,4,1,3,3,3,3
19126,4,4,3,3,3,3,3
19127,4,4,2,1,1,3,1
19129,6,4,5,3,3,3,3
19142,4,4,6,1,1,2,1
19146,6,4,6,3,3,3,3
19148,4,4,6,3,3,3,3
19151,4,4,2,3,3,3,3
19162,6,4,2,2,1,3,1
19171,6,4,3,3,3,3,3
19173,6,4,4,3,3,3,3
19174,2,4,6,3,3,3,3
19176,4,4,5,1,1,3,1
19179,4,4,6,3,3,3,3
19190,6,4,5,3,3,3,3
19200,4,4,1,3,3,3,3
19201,6,4,5,3,3,3,3
19211,4,4,5,3,3,3,3
19217,6,4,4,3,3,3,3
19224,4,4,1,1,1,2,1
19225,4,4,1,3,3,3,3
19228,4,4,6,3,3,3,3
19234,6,4,5,3,3,3,3
19243,4,4,4,3,3,3,3
19245,4,4,4,1,1,1,1
19251,6,4,5,3,3,3,3
19253,6,4,1,3,3,3,3
19257,6,4,2,3,3,3,3
19262,4,4,1,3,3,3,3
19275,6,4,3,3,3,3,3
19278,4,4,2,3,3,3,3
19279,4,4,3,1,1,1,1
19280,6,4,3,3,3,3,3
19298,4,4,3,3,3,3,3
19321,4,4,1,3,3,3,3
19322,6,4,6,3,3,3,3
19324,6,4,5,3,3,3,3
19326,4,4,1,3,3,3,3
19327,4,4,3,3,3,3,3
19344,4,4,5,1,1,3,1
19346,6,4,1,3,3,3,3
19347,4,4,2,1,1,3,1
19358,6,4,6,3,3,3,3
19361,6,4,2,3,3,3,3
19362,6,4,5,3,3,3,3
19365,4,4,4,3,3,3,3
19384,6,4,5,3,3,3,3
19385,4,4,2,3,3,3,3
19388,4,4,4,3,3,3,3
19391,6,4,2,3,3,3,3
19396,4,4,2,3,3,3,3
19398,4,4,2,3,3,3,3
19403,4,4,5,1,1,3,1
19409,4,4,2,1,1,3,1
19411,4,4,2,3,3,3,3
19415,6,4,3,3,3,3,3
19431,4,4,1,3,3,3,3
19437,4,4,2,1,1,3,1
19443,4,4,4,3,3,3,3
19446,6,4,2,3,3,3,3
19456,4,4,5,3,3,3,3
19458,4,4,1,3,3,3,3
19464,6,4,4,3,3,3,3
19468,6,4,5,3,3,3,3
19470,4,4,4,1,1,1,1
19471,6,4,5,3,3,3,3
19476,4,4,5,1,1,3,1
19482,4,4,5,3,3,3,3
19489,6,4,4,3,3,3,3
19493,4,4,5,3,3,3,3
19496,2,4,1,3,3,3,3
19501,6,4,4,3,3,3,3
19506,6,4,1,3,3,3,3
19517,4,4,3,1,1,1,1
19519,6,4,4,3,3,3,3
19530,4,4,3,3,3,3,3
19538,4,4,4,3,3,3,3
19539,6,4,4,3,3,3,3
19542,6,4,1,3,3,3,3
19544,4,4,3,1,1,1,1
19546,4,4,4,3,3,3,3
19551,6,4,5,3,3,3,3
19555,6,4,2,3,3,3,3
19567,4,4,5,3,3,3,3
19573,4,4,4,3,3,3,3
19576,4,4,2,3,3,3,3
19578,6,4,1,3,3,3,3
19581,4,4,2,3,3,3,3
19582,4,4,5,3,3,3,3
19592,6,4,5,3,3,3,3
19596,4,4,4,3,3,3,3
19602,4,4,3,3,3,3,3
19611,4,4,4,1,1,1,1
19616,4,4,3,3,3,3,3
19622,6,4,3,3,3,3,3
19625,6,4,6,3,3,3,3
19661,6,4,6,3,3,3,3
19666,4,4,1,3,3,3,3
19669,4,4,3,3,3,3,3
19670,6,4,5,3,3,3,3
19671,6,4,2,3,3,3,3
19675,4,4,5,3,3,3,3
19678,6,4,4,3,3,3,3
19682,6,4,2,3,3,3,3
19684,6,4,5,3,3,3,3
19692,6,4,4,3,3,3,3
19694,6,4,6,3,3,3,3
19699,4,4,1,3,3,3,3
19707,6,4,5,3,3,3,3
19711,4,4,4,3,3,3,3
19712,4,4,1,3,3,3,3
19713,4,4,3,3,3,3,3
19721,6,4,4,3,3,3,3
19728,4,4,1,1,1,2,1
19730,6,4,5,3,3,3,3
19746,4,4,2,3,3,3,3
19751,6,4,1,3,3,3,3
19774,4,4,3,3,3,3,3
19776,4,4,1,1,1,2,1
19783,4,4,3,3,3,3,3
19791,6,4,4,3,3,3,3
19804,6,4,4,3,3,3,3
19812,6,4,4,3,3,3,3
19821,4,4,4,3,3,3,3
19823,6,4,2,3,3,3,3
19828,4,4,6,3,3,3,3
19831,4,4,1,3,3,3,3
19834,4,4,4,3,3,3,3
19838,6,4,4,3,3,3,3
19841,6,4,6,3,3,3,3
19845,4,4,2,3,3,3,3
19851,6,4,2,3,3,3,3
19853,4,4,6,3,3,3,3
19855,6,4,5,3,3,3,3
19858,6,4,4,3,3,3,3
19862,5,4,4,3,3,3,3
19863,6,4,1,3,3,3,3
19867,4,4,5,1,1,3,1
19873,6,4,1,3,3,3,3
19874,4,4,5,3,3,3,3
19882,4,4,3,3,3,3,3
19889,4,4,4,3,3,3,3
19897,6,4,3,3,3,3,3
19900,4,4,4,3,3,3,3
19906,4,4,1,3,3,3,3
19908,6,4,2,3,3,3,3
19933,4,4,4,1,1,1,1
19934,6,4,6,3,3,3,3
19937,6,4,4,3,3,3,3
19939,4,4,1,3,3,3,3
19941,6,4,4,3,3,3,3
19944,6,4,3,3,3,3,3
19957,6,4,5,3,3,3,3
19963,6,4,1,3,3,3,3
19966,6,4,5,3,3,3,3
19976,6,4,3,3,3,3,3
19981,6,4,2,3,3,3,3
19991,6,4,1,3,3,3,3
19995,6,4,5,3,3,3,3
19998,6,4,5,3,3,3,3
20002,6,4,4,3,3,3,3
20022,6,4,2,3,3,3,3
20032,4,4,6,1,1,2,1
20036,4,4,2,1,1,3,1
20042,6,4,3,3,3,3,3
20051,4,4,3,1,1,1,1
20054,6,4,3,3,3,3,3
20057,6,4,2,3,3,3,3
20058,4,4,6,3,3,3,3
20060,6,4,1,3,3,3,3
20062,4,4,6,3,3,3,3
20063,4,4,1,3,3,3,3
20064,4,4,5,1,1,3,1
20065,6,4,5,3,3,3,3
20068,6,4,6,3,3,3,3
20069,6,4,6,3,3,3,3
20074,6,4,6,3,3,3,3
20077,4,4,6,3,3,3,3
20079,6,4,1,3,3,3,3
20091,6,4,6,3,3,3,3
20097,6,4,3,3,3,3,3
20099,4,4,2,3,3,3,3
20103,4,4,2,3,3,3,3
20108,6,4,3,3,3,3,3
20118,4,4,6,1,1,2,1
20130,4,4,3,1,1,1,1
20135,6,4,1,3,3,3,3
20145,4,4,3,3,3,3,3
20147,6,4,2,3,3,3,3
20160,6,4,2,3,3,3,3
20161,4,4,2,3,3,3,3
20164,6,4,2,3,3,3,3
20165,6,4,4,3,3,3,3
20174,6,4,3,3,3,3,3
20176,4,4,4,3,3,3,3
20179,6,4,4,3,3,3,3
20180,6,4,5,3,3,3,3
20183,6,4,3,3,3,3,3
20214,4,4,5,1,1,3,1
20218,6,4,2,3,3,3,3
20219,4,4,2,3,3,3,3
20224,4,4,5,3,3,3,3
20231,6,4,1,3,3,3,3
20243,6,4,6,2,1,2,1
20245,4,4,5,3,3,3,3
20251,4,4,6,3,3,3,3
20252,6,4,2,3,3,3,3
20261,4,4,2,3,3,3,3
20267,6,4,2,3,3,3,3
20268,6,4,2,3,3,3,3
20278,6,4,6,3,3,3,3
20295,6,4,3,3,3,3,3
20306,4,4,6,3,3,3,3
20309,6,4,2,3,3,3,3
20310,6,4,1,3,3,3,3
20315,6,4,1,3,3,3,3
20318,6,4,4,3,3,3,3
20324,4,4,6,3,3,3,3
20335,6,4,3,3,3,3,3
20339,6,4,1,3,3,3,3
20342,4,4,4,3,3,3,3
20343,6,4,4,3,3,3,3
20352,4,4,2,3,3,3,3
20353,6,4,6,3,3,3,3
20375,4,4,1,3,3,3,3
20381,6,4,5,3,3,3,3
20387,4,4,3,3,3,3,3
20391,6,4,1,3,3,3,3
20394,6,4,6,3,3,3,3
20402,4,4,2,3,3,3,3
20407,6,4,1,3,3,3,3
20416,4,4,3,3,3,3,3
20424,6,4,1,3,3,3,3
20427,6,4,3,3,3,3,3
20433,4,4,6,3,3,3,3
20437,6,4,1,3,3,3,3
20446,4,4,2,3,3,3,3
20454,4,4,5,1,1,3,1
20465,4,4,4,1,1,1,1
20469,6,4,2,2,1,3,1
20476,6,4,3,3,3,3,3
20479,4,4,3,1,1,1,1
20480,4,4,6,3,3,3,3
20485,6,4,5,3,3,3,3
20486,4,4,1,3,3,3,3
20493,6,4,6,3,3,3,3
20495,6,4,3,3,3,3,3
20496,6,4,3,3,3,3,3
20501,6,4,6,3,3,3,3
20503,6,4,2,3,3,3,3
20509,6,4,3,3,3,3,3
20513,6,4,1,3,3,3,3
20517,4,4,6,1,1,2,1
20520,4,4,3,1,1,1,1
20531,6,4,2,3,3,3,3
20534,6,4,1,3,3,3,3
20536,6,4,2,3,3,3,3
20539,6,4,2,3,3,3,3
20549,6,4,4,3,3,3,3
20559,6,4,3,3,3,3,3
20560,4,4,5,3,3,3,3
20561,6,4,4,3,3,3,3
20562,4,4,1,3,3,3,3
20563,6,4,2,3,3,3,3
20568,4,4,5,3,3,3,3
20572,6,4,2,3,3,3,3
20577,4,4,1,3,3,3,3
20578,4,4,2,3,3,3,3
20579,4,4,3,1,1,1,1
20585,4,4,4,1,1,1,1
20589,4,4,1,3,3,3,3
20592,4,4,1,3,3,3,3
20594,4,4,2,3,3,3,3
20600,6,4,3,3,3,3,3
20604,4,4,2,1,1,3,1
20607,6,4,3,3,3,3,3
20611,4,4,5,3,3,3,3
20612,6,4,4,3,3,3,3
20616,4,4,2,1,1,3,1
20632,4,4,5,3,3,3,3
20633,6,4,2,3,3,3,3
20648,6,4,4,3,3,3,3
20658,4,4,2,3,3,3,3
20678,6,4,4,3,3,3,3
20681,6,4,6,3,3,3,3
20684,6,4,6,3,3,3,3
20694,6,4,5,3,3,3,3
20695,6,4,6,3,3,3,3
20710,6,4,4,3,3,3,3
20714,6,4,4,3,3,3,3
20725,6,4,3,3,3,3,3
20726,4,4,1,3,3,3,3
20729,4,4,5,3,3,3,3
20734,6,4,2,3,3,3,3
20739,6,4,3,3,3,3,3
20740,4,4,3,3,3,3,3
20743,6,4,4,3,3,3,3
20745,6,4,2,3,3,3,3
20751,4,4,3,3,3,3,3
20765,4,4,5,1,1,3,1
20766,6,4,6,3,3,3,3
20768,6,4,2,3,3,3,3
20778,6,4,4,3,3,3,3
20789,6,4,2,3,3,3,3
20798,4,4,6,3,3,3,3
20802,6,4,6,3,3,3,3
20807,4,4,2,1,1,3,1
20810,6,4,5,3,3,3,3
20817,4,4,4,3,3,3,3
20819,6,4,4,3,3,3,3
20826,6,4,5,3,3,3,3
20832,6,4,1,3,3,3,3
20842,4,4,2,3,3,3,3
20843,4,4,2,3,3,3,3
20844,6,4,4,3,3,3,3
20849,4,4,1,3,3,3,3
20854,6,4,4,3,3,3,3
20861,6,4,4,3,3,3,3
20868,6,4,3,3,3,3,3
20886,4,4,1,3,3,3,3
20902,4,4,4,3,3,3,3
20912,4,4,6,3,3,3,3
20913,6,4,4,3,3,3,3
20914,6,4,3,3,3,3,3
20917,4,4,4,3,3,3,3
20921,6,4,1,3,3,3,3
20924,6,4,6,3,3,3,3
20929,6,4,1,3,3,3,3
20935,6,4,1,3,3,3,3
20941,6,4,4,3,3,3,3
20943,6,4,2,3,3,3,3
20946,4,4,5,3,3,3,3
20947,6,4,2,3,3,3,3
20952,4,4,2,3,3,3,3
20963,4,4,5,3,3,3,3
20969,6,4,1,3,3,3,3
20973,4,4,5,3,3,3,3
20981,6,4,4,3,3,3,3
20983,6,4,3,3,3,3,3
20984,4,4,3,3,3,3,3
20985,6,4,6,3,3,3,3
20987,6,4,3,3,3,3,3
20995,4,4,4,3,3,3,3
21013,6,4,3,3,3,3,3
21019,6,4,2,3,3,3,3
21026,6,4,6,3,3,3,3
21031,4,4,5,3,3,3,3
21034,6,4,5,3,3,3,3
21038,4,4,1,3,3,3,3
21039,4,4,2,1,1,3,1
21047,4,4,3,3,3,3,3
21049,6,4,4,3,3,3,3
21056,6,4,1,3,3,3,3
21057,6,4,1,3,3,3,3
21059,4,4,4,3,3,3,3
21067,6,4,4,3,3,3,3
21069,4,4,1,1,1,2,1
21070,6,4,6,3,3,3,3
21074,6,4,5,3,3,3,3
21077,6,4,4,3,3,3,3
21078,6,4,2,2,1,3,1
21084,4,4,1,3,3,3,3
21085,6,4,5,3,3,3,3
21087,4,4,4,1,1,1,1
21092,6,4,3,3,3,3,3
21098,4,4,5,1,1,3,1
21101,6,4,3,3,3,3,3
21108,6,4,1,3,3,3,3
21112,6,4,2,3,3,3,3
21113,6,4,4,3,3,3,3
21115,6,4,2,3,3,3,3
21116,4,4,1,3,3,3,3
21120,6,4,2,3,3,3,3
21124,6,4,4,3,3,3,3
21133,6,4,2,3,3,3,3
21135,6,4,6,3,3,3,3
21145,4,4,6,3,3,3,3
21147,6,4,4,3,3,3,3
21152,6,4,4,3,3,3,3
21153,6,4,4,3,3,3,3
21164,4,4,5,3,3,3,3
21167,6,4,4,3,3,3,3
21176,4,4,1,3,3,3,3
21178,4,4,1,3,3,3,3
21180,6,4,4,3,3,3,3
21182,6,4,6,3,3,3,3
21185,6,4,4,3,3,3,3
21189,6,4,2,3,3,3,3
21196,4,4,4,3,3,3,3
21197,6,4,4,3,3,3,3
21204,6,4,6,3,3,3,3
21205,6,4,4,3,3,3,3
21207,4,4,5,3,3,3,3
21208,6,4,3,3,3,3,3
21234,6,4,1,3,3,3,3
21242,6,4,2,3,3,3,3
21247,4,4,5,3,3,3,3
21250,6,4,1,3,3,3,3
21251,6,4,5,3,3,3,3
21254,4,4,4,1,1,1,1
21255,6,4,2,3,3,3,3
21259,4,4,2,1,1,3,1
21264,6,4,1,3,3,3,3
21266,6,4,4,3,3,3,3
21270,6,4,1,3,3,3,3
21273,6,4,3,3,3,3,3
21278,6,4,2,3,3,3,3
21284,6,4,3,3,3,3,3
21289,4,4,2,1,1,3,1
21291,4,4,3,3,3,3,3
21293,6,4,4,3,3,3,3
21295,6,4,6,3,3,3,3
21299,6,4,2,3,3,3,3
21300,4,4,1,1,1,2,1
21307,6,4,1,3,3,3,3
21313,4,4,3,3,3,3,3
21315,4,4,6,3,3,3,3
21316,4,4,4,1,1,1,1
21317,6,4,3,3,3,3,3
21319,6,4,3,3,3,3,3
21321,6,4,4,3,3,3,3
21328,6,4,4,3,3,3,3
21330,6,4,4,3,3,3,3
21333,6,4,1,3,3,3,3
21334,6,4,5,3,3,3,3
21339,6,4,6,3,3,3,3
21344,4,4,5,3,3,3,3
21345,4,4,6,3,3,3,3
21348,4,4,4,3,3,3,3
21354,6,4,1,3,3,3,3
21356,4,4,3,3,3,3,3
21358,6,4,1,3,3,3,3
21360,6,4,5,3,3,3,3
21362,6,4,5,3,3,3,3
21364,6,4,1,3,3,3,3
21371,6,4,2,3,3,3,3
21375,4,4,3,1,1,1,1
21377,6,4,5,3,3,3,3
21380,4,4,3,3,3,3,3
21388,6,4,5,3,3,3,3
21392,4,4,3,3,3,3,3
21396,6,4,2,3,3,3,3
21399,6,4,4,3,3,3,3
21400,6,4,4,3,3,3,3
21402,6,4,1,3,3,3,3
21404,6,4,1,3,3,3,3
21412,6,4,3,3,3,3,3
21417,6,4,6,3,3,3,3
21419,6,4,4,3,3,3,3
21422,6,4,4,3,3,3,3
21424,6,4,4,3,3,3,3
21428,6,4,1,3,3,3,3
21432,6,4,1,3,3,3,3
21433,6,4,1,3,3,3,3
21435,6,4,6,3,3,3,3
21442,6,4,2,3,3,3,3
21446,5,4,4,3,3,3,3
21448,6,4,2,2,1,3,1
21451,6,4,1,3,3,3,3
21465,4,4,4,3,3,3,3
21474,4,4,5,3,3,3,3
21475,6,4,6,3,3,3,3
21478,6,4,2,3,3,3,3
21479,4,4,5,3,3,3,3
21483,6,4,4,3,3,3,3
21508,4,4,1,1,1,2,1
21511,6,4,1,3,3,3,3
21521,6,4,6,3,3,3,3
21522,6,4,2,3,3,3,3
21526,6,4,1,3,3,3,3
21545,4,4,3,3,3,3,3
21562,6,4,1,3,3,3,3
21563,6,4,3,3,3,3,3
21570,6,4,4,3,3,3,3
21572,6,4,6,3,3,3,3
21580,4,4,2,3,3,3,3
21581,6,4,5,3,3,3,3
21582,6,4,5,3,3,3,3
21583,4,4,3,3,3,3,3
21586,4,4,6,3,3,3,3
21592,4,4,3,3,3,3,3
21595,2,4,2,3,3,3,3
21600,4,4,3,3,3,3,3
21603,6,4,4,3,3,3,3
21609,6,4,5,3,3,3,3
21614,6,4,5,3,3,3,3
21619,6,4,6,3,3,3,3
21625,4,4,1,3,3,3,3
21637,6,4,6,3,3,3,3
21640,6,4,2,3,3,3,3
21646,6,4,3,3,3,3,3
21659,4,4,6,3,3,3,3
21662,6,4,4,3,3,3,3
21665,6,4,1,3,3,3,3
21673,6,4,3,3,3,3,3
21675,4,4,4,3,3,3,3
21676,6,4,5,3,3,3,3
21682,6,4,5,3,3,3,3
21684,6,4,5,3,3,3,3
21685,6,4,3,3,3,3,3
21686,6,4,6,3,3,3,3
21690,4,4,2,3,3,3,3
21696,6,4,1,3,3,3,3
21710,4,4,4,3,3,3,3
21716,6,4,1,3,3,3,3
21719,6,4,3,3,3,3,3
21721,6,4,3,3,3,3,3
21727,6,4,2,3,3,3,3
21731,6,4,6,3,3,3,3
21732,6,4,4,3,3,3,3
21733,4,4,1,3,3,3,3
21735,6,4,1,2,1,2,1
21737,6,4,6,3,3,3,3
21738,6,4,5,3,3,3,3
21751,4,4,1,3,3,3,3
21755,6,4,1,3,3,3,3
21759,6,4,5,3,3,3,3
21761,4,4,3,3,3,3,3
21762,6,4,2,3,3,3,3
21764,6,4,1,3,3,3,3
21766,4,4,2,3,3,3,3
21772,6,4,2,3,3,3,3
21775,6,4,2,3,3,3,3
21776,6,4,1,3,3,3,3
21777,6,4,2,3,3,3,3
21779,6,4,3,3,3,3,3
21796,6,4,5,3,3,3,3
21804,6,4,2,3,3,3,3
21807,4,4,3,3,3,3,3
21808,4,4,1,3,3,3,3
21811,6,4,6,3,3,3,3
21812,6,4,3,3,3,3,3
21814,6,4,2,3,3,3,3
21823,4,4,6,3,3,3,3
21824,6,4,5,3,3,3,3
21826,6,4,6,3,3,3,3
21830,6,4,2,3,3,3,3
21833,6,4,3,3,3,3,3
21838,4,4,1,3,3,3,3
21839,6,4,2,3,3,3,3
21852,4,4,1,1,1,2,1
21857,6,4,3,3,3,3,3
21862,4,4,3,3,3,3,3
21872,4,4,5,3,3,3,3
21873,4,4,6,3,3,3,3
21880,6,4,5,3,3,3,3
21888,4,4,3,1,1,1,1
21890,6,4,3,3,3,3,3
21898,4,4,6,3,3,3,3
21900,6,4,2,3,3,3,3
21912,6,4,3,3,3,3,3
21913,6,4,4,3,3,3,3
21918,6,4,2,3,3,3,3
21921,6,4,2,3,3,3,3
21922,4,4,6,3,3,3,3
21925,4,4,3,3,3,3,3
21929,4,4,6,3,3,3,3
21930,6,4,2,3,3,3,3
21931,6,4,5,3,3,3,3
21941,4,4,5,1,1,3,1
21943,6,4,3,3,3,3,3
21945,4,4,5,3,3,3,3
21977,6,4,4,3,3,3,3
21983,4,4,3,3,3,3,3
21988,4,4,1,1,1,2,1
21998,6,4,2,3,3,3,3
22002,4,4,1,1,1,2,1
22010,6,4,5,3,3,3,3
22019,4,4,3,3,3,3,3
22023,6,4,5,3,3,3,3
22031,6,4,5,3,3,3,3
22032,4,4,4,3,3,3,3
22034,6,4,2,3,3,3,3
22049,6,4,1,3,3,3,3
22054,5,4,5,3,3,3,3
22065,4,4,6,3,3,3,3
22068,4,4,1,3,3,3,3
22070,4,4,2,3,3,3,3
22074,4,4,2,3,3,3,3
22078,6,4,2,3,3,3,3
22079,6,4,2,3,3,3,3
22085,6,4,3,3,3,3,3
22088,6,4,6,3,3,3,3
22096,6,4,3,3,3,3,3
22108,4,4,3,3,3,3,3
22118,6,4,5,2,1,3,1
22122,4,4,5,1,1,3,1
22145,6,4,5,3,3,3,3
22152,6,4,3,3,3,3,3
22155,6,4,2,3,3,3,3
22157,4,4,2,3,3,3,3
22161,6,4,5,3,3,3,3
22169,4,4,5,1,1,3,1
22172,6,4,4,3,3,3,3
22185,6,4,2,3,3,3,3
22190,6,4,5,3,3,3,3
22203,4,4,4,3,3,3,3
22205,6,4,1,3,3,3,3
22211,6,4,3,3,3,3,3
22214,4,4,1,3,3,3,3
22224,6,4,2,3,3,3,3
22232,6,4,5,3,3,3,3
22236,4,4,1,3,3,3,3
22242,6,4,2,3,3,3,3
22244,4,4,4,3,3,3,3
22245,6,4,1,3,3,3,3
22251,6,4,3,3,3,3,3
22253,4,4,1,3,3,3,3
22254,6,4,2,3,3,3,3
22256,6,4,6,3,3,3,3
22261,6,4,3,3,3,3,3
22266,6,4,6,3,3,3,3
22268,6,4,1,3,3,3,3
22277,6,4,5,3,3,3,3
22288,6,4,2,3,3,3,3
22292,6,4,5,3,3,3,3
22297,4,4,5,3,3,3,3
22302,4,4,3,3,3,3,3
22310,4,4,6,3,3,3,3
22318,4,4,4,3,3,3,3
22322,6,4,2,3,3,3,3
22325,4,4,5,3,3,3,3
22326,6,4,1,3,3,3,3
22331,6,4,4,3,3,3,3
22335,6,4,3,3,3,3,3
22336,6,4,2,3,3,3,3
22337,6,4,6,3,3,3,3
22349,4,4,2,3,3,3,3
22354,4,4,4,3,3,3,3
22355,6,4,5,3,3,3,3
22358,6,4,3,3,3,3,3
22359,4,4,2,3,3,3,3
22363,4,4,6,3,3,3,3
22371,6,4,6,3,3,3,3
22375,6,4,1,3,3,3,3
22377,6,4,5,3,3,3,3
22380,4,4,6,1,1,2,1
22385,4,4,3,1,1,1,1
22389,6,4,3,3,3,3,3
22391,6,4,5,2,1,3,1
22398,4,4,5,1,1,3,1
22400,6,4,3,3,3,3,3
22405,4,4,3,3,3,3,3
22409,5,4,1,3,3,3,3
22413,4,4,2,1,1,3,1
22419,6,4,1,3,3,3,3
22427,6,4,2,3,3,3,3
22434,4,4,6,1,1,2,1
22437,4,4,1,3,3,3,3
22438,4,4,6,3,3,3,3
22440,6,4,4,3,3,3,3
22445,4,4,6,3,3,3,3
22455,6,4,2,3,3,3,3
22457,6,4,1,3,3,3,3
22459,6,4,3,3,3,3,3
22461,6,4,3,3,3,3,3
22463,4,4,2,3,3,3,3
22468,4,4,3,3,3,3,3
22473,6,4,5,3,3,3,3
22478,4,4,4,3,3,3,3
22480,6,4,5,3,3,3,3
22484,6,4,3,3,3,3,3
22486,6,4,3,3,3,3,3
22496,4,4,4,3,3,3,3
22505,6,4,3,3,3,3,3
22506,4,4,6,1,1,2,1
22507,6,4,5,3,3,3,3
22514,6,4,1,3,3,3,3
22515,6,4,1,3,3,3,3
22518,6,4,5,2,1,3,1
22521,6,4,5,3,3,3,3
22524,6,4,5,3,3,3,3
22526,6,4,4,3,3,3,3
22540,6,4,4,3,3,3,3
22550,6,4,5,3,3,3,3
22557,4,4,2,3,3,3,3
22558,6,4,3,3,3,3,3
22563,6,4,1,3,3,3,3
22566,6,4,6,3,3,3,3
22571,6,4,2,3,3,3,3
22580,6,4,4,3,3,3,3
22581,6,4,3,3,3,3,3
22583,4,4,4,3,3,3,3
22587,6,4,1,3,3,3,3
22590,6,4,5,3,3,3,3
22595,6,4,2,3,3,3,3
22596,6,4,1,3,3,3,3
22604,6,4,5,3,3,3,3
22606,6,4,2,3,3,3,3
22624,6,4,5,3,3,3,3
22625,6,4,2,3,3,3,3
22631,4,4,2,3,3,3,3
22632,4,4,4,3,3,3,3
22638,6,4,4,3,3,3,3
22641,6,4,3,3,3,3,3
22647,6,4,5,3,3,3,3
22648,4,4,5,3,3,3,3
22653,6,4,6,3,3,3,3
22654,6,4,3,3,3,3,3
22661,4,4,2,1,1,3,1
22662,6,4,4,3,3,3,3
22677,4,4,5,3,3,3,3
22678,6,4,5,3,3,3,3
22679,6,4,4,3,3,3,3
22693,6,4,6,3,3,3,3
22695,4,4,1,3,3,3,3
22699,4,4,5,3,3,3,3
22703,6,4,6,3,3,3,3
22712,4,4,5,3,3,3,3
22726,6,4,4,3,3,3,3
22727,4,4,1,1,1,2,1
22730,4,4,2,3,3,3,3
22738,6,4,2,3,3,3,3
22748,6,4,2,3,3,3,3
22754,6,4,4,3,3,3,3
22757,4,4,5,3,3,3,3
22768,6,4,6,3,3,3,3
22771,6,4,6,3,3,3,3
22776,6,4,1,3,3,3,3
22781,4,4,5,1,1,3,1
22788,6,4,3,3,3,3,3
22789,6,4,3,3,3,3,3
22790,6,4,5,3,3,3,3
22796,6,4,3,3,3,3,3
22799,6,4,5,3,3,3,3
22802,4,4,3,3,3,3,3
22803,6,4,4,3,3,3,3
22804,6,4,1,3,3,3,3
22813,6,4,6,3,3,3,3
22818,4,4,4,3,3,3,3
22824,4,4,2,3,3,3,3
22826,6,4,1,3,3,3,3
22829,4,4,3,3,3,3,3
22830,6,4,5,3,3,3,3
22836,6,4,1,3,3,3,3
22849,6,4,5,3,3,3,3
22851,6,4,5,3,3,3,3
22859,6,4,5,3,3,3,3
22869,4,4,4,1,1,1,1
22882,6,4,6,3,3,3,3
22887,4,4,1,3,3,3,3
22889,6,4,6,3,3,3,3
22890,6,4,5,3,3,3,3
22891,6,4,5,3,3,3,3
22896,6,4,3,2,1,1,1
22897,6,4,2,3,3,3,3
22915,6,4,5,3,3,3,3
22922,6,4,5,3,3,3,3
22923,6,4,3,3,3,3,3
22927,6,4,2,3,3,3,3
22931,6,4,1,3,3,3,3
22946,6,4,4,3,3,3,3
22953,6,4,3,2,1,1,1
22954,4,4,3,3,3,3,3
22963,6,4,6,3,3,3,3
22964,4,4,4,1,1,1,1
22972,6,4,1,3,3,3,3
22973,4,4,4,3,3,3,3
22984,6,4,5,3,3,3,3
22985,6,4,1,3,3,3,3
22997,6,4,6,3,3,3,3
23000,6,4,6,3,3,3,3
23002,6,4,6,3,3,3,3
23005,6,4,4,3,3,3,3
23008,6,4,6,3,3,3,3
23009,6,4,2,3,3,3,3
23012,6,4,6,3,3,3,3
23013,6,4,4,3,3,3,3
23015,6,4,5,3,3,3,3
23019,6,4,6,3,3,3,3
23028,6,4,6,3,3,3,3
23030,6,4,3,3,3,3,3
23031,4,4,2,3,3,3,3
23042,6,4,5,3,3,3,3
23047,6,4,4,3,3,3,3
23050,4,4,6,3,3,3,3
23052,6,4,6,3,3,3,3
23054,4,4,2,3,3,3,3
23057,6,4,4,3,3,3,3
23064,6,4,6,3,3,3,3
23070,6,4,5,3,3,3,3
23078,4,4,4,3,3,3,3
23080,6,4,5,3,3,3,3
23081,4,4,6,3,3,3,3
23083,6,4,1,3,3,3,3
23085,6,4,4,3,3,3,3
23087,4,4,1,3,3,3,3
23094,4,4,4,3,3,3,3
23096,2,4,3,3,3,3,3
23097,6,4,6,3,3,3,3
23098,6,4,3,3,3,3,3
23099,6,4,2,3,3,3,3
23102,6,4,2,3,3,3,3
23107,4,4,1,1,1,2,1
23118,6,4,1,3,3,3,3
23132,4,4,3,3,3,3,3
23134,6,4,4,3,3,3,3
23142,6,4,3,3,3,3,3
23152,4,4,5,3,3,3,3
23157,4,4,3,3,3,3,3
23164,4,4,6,3,3,3,3
23166,6,4,5,3,3,3,3
23169,6,4,4,3,3,3,3
23177,4,4,5,3,3,3,3
23178,4,4,6,3,3,3,3
23180,6,4,3,3,3,3,3
23185,6,4,3,3,3,3,3
23189,6,4,6,3,3,3,3
23204,6,4,4,3,3,3,3
23205,6,4,2,3,3,3,3
23214,6,4,5,3,3,3,3
23218,6,4,5,3,3,3,3
23219,6,4,2,3,3,3,3
23225,6,4,3,3,3,3,3
23228,6,4,5,3,3,3,3
23229,4,4,2,1,1,3,1
23232,6,4,4,3,3,3,3
23235,6,4,1,3,3,3,3
23239,4,4,3,3,3,3,3
23250,6,4,1,3,3,3,3
23260,6,4,2,3,3,3,3
23265,6,4,6,3,3,3,3
23273,6,4,5,3,3,3,3
23281,6,4,6,3,3,3,3
23282,4,4,4,3,3,3,3
23283,6,4,3,3,3,3,3
23284,6,4,3,3,3,3,3
23290,4,4,6,3,3,3,3
23300,4,4,2,3,3,3,3
23301,4,4,6,3,3,3,3
23304,6,4,5,3,3,3,3
23316,4,4,5,3,3,3,3
23318,6,4,6,3,3,3,3
23319,4,4,3,3,3,3,3
23326,4,4,4,3,3,3,3
23327,4,4,3,3,3,3,3
23328,6,4,2,3,3,3,3
23333,6,4,4,3,3,3,3
23334,6,4,5,3,3,3,3
23339,6,4,1,2,1,2,1
23347,6,4,2,3,3,3,3
23348,6,4,2,3,3,3,3
23351,6,4,2,3,3,3,3
23359,6,4,6,3,3,3,3
23360,4,4,1,3,3,3,3
23384,4,4,3,1,1,1,1
23388,4,4,6,3,3,3,3
23389,6,4,3,3,3,3,3
23393,6,4,5,3,3,3,3
23396,4,4,5,1,1,3,1
23397,6,4,2,3,3,3,3
23398,6,4,3,3,3,3,3
23403,6,4,6,3,3,3,3
23404,6,4,4,3,3,3,3
23408,6,4,3,3,3,3,3
23410,6,4,6,3,3,3,3
23414,6,4,1,3,3,3,3
23417,4,4,3,1,1,1,1
23421,6,4,6,3,3,3,3
23422,6,4,3,3,3,3,3
23425,4,4,3,3,3,3,3
23431,4,4,2,3,3,3,3
23436,6,4,4,3,3,3,3
23441,6,4,1,3,3,3,3
23444,6,4,4,3,3,3,3
23448,4,4,1,3,3,3,3
23449,4,4,2,3,3,3,3
23454,6,4,1,2,1,2,1
23457,6,4,5,3,3,3,3
23458,6,4,4,3,3,3,3
23460,6,4,4,3,3,3,3
23462,6,4,1,3,3,3,3
23470,4,4,6,1,1,2,1
23472,6,4,3,3,3,3,3
23478,4,4,6,3,3,3,3
23482,6,4,6,3,3,3,3
23484,6,4,2,3,3,3,3
23485,6,4,6,3,3,3,3
23494,6,4,6,3,3,3,3
23496,6,4,3,3,3,3,3
23505,4,4,3,1,1,1,1
23511,4,4,6,3,3,3,3
23514,6,4,5,3,3,3,3
23515,4,4,1,3,3,3,3
23516,6,4,5,3,3,3,3
23521,6,4,1,3,3,3,3
23522,4,4,1,1,1,2,1
23528,6,4,6,3,3,3,3
23535,4,4,2,1,1,3,1
23536,4,4,2,3,3,3,3
23548,6,4,2,3,3,3,3
23560,6,4,5,3,3,3,3
23562,6,4,2,3,3,3,3
23579,6,4,2,3,3,3,3
23582,4,4,2,1,1,3,1
23583,6,4,2,3,3,3,3
23587,6,4,6,3,3,3,3
23597,6,4,5,3,3,3,3
23599,6,4,6,3,3,3,3
23603,6,4,2,3,3,3,3
23616,4,4,6,3,3,3,3
23617,4,4,1,1,1,2,1
23627,4,4,2,3,3,3,3
23638,6,4,5,3,3,3,3
23644,6,4,3,3,3,3,3
23645,4,4,6,3,3,3,3
23647,6,4,5,3,3,3,3
23654,4,4,3,1,1,1,1
23658,6,4,3,3,3,3,3
23660,6,4,4,3,3,3,3
23664,6,4,4,3,3,3,3
23666,6,4,1,3,3,3,3
23687,6,4,1,3,3,3,3
23689,2,4,5,3,3,3,3
23691,4,4,6,1,1,2,1
23697,6,4,6,3,3,3,3
23703,6,4,3,3,3,3,3
23705,6,4,1,3,3,3,3
23706,6,4,6,3,3,3,3
23707,4,4,3,3,3,3,3
23708,6,4,3,3,3,3,3
23712,4,4,2,1,1,3,1
23715,4,4,4,3,3,3,3
23726,4,4,6,3,3,3,3
23729,6,4,4,3,3,3,3
23731,4,4,2,1,1,3,1
23735,6,4,5,3,3,3,3
23744,6,4,2,3,3,3,3
23748,4,4,2,3,3,3,3
23750,6,4,5,3,3,3,3
23755,6,4,6,3,3,3,3
23763,6,4,6,3,3,3,3
23773,6,4,6,3,3,3,3
23777,6,4,4,2,1,1,1
23780,6,4,5,3,3,3,3
23794,4,4,6,3,3,3,3
23795,4,4,4,3,3,3,3
23796,6,4,4,3,3,3,3
23798,6,4,1,3,3,3,3
23801,4,4,3,3,3,3,3
23803,4,4,4,3,3,3,3
23804,6,4,1,3,3,3,3
23808,5,4,4,3,3,3,3
23811,4,4,4,1,1,1,1
23821,4,4,4,3,3,3,3
23846,6,4,4,3,3,3,3
23851,4,4,6,3,3,3,3
23858,6,4,1,3,3,3,3
23862,6,4,5,2,1,3,1
23863,6,4,5,3,3,3,3
23874,4,4,1,1,1,2,1
23902,6,4,6,3,3,3,3
23906,6,4,1,3,3,3,3
23908,6,4,2,3,3,3,3
23909,6,4,4,3,3,3,3
23919,5,4,5,3,3,3,3
23923,4,4,3,1,1,1,1
23932,6,4,1,3,3,3,3
23943,4,4,6,3,3,3,3
23944,4,4,1,3,3,3,3
23955,6,4,1,3,3,3,3
23960,6,4,5,2,1,3,1
23962,6,4,3,3,3,3,3
23964,5,4,1,3,3,3,3
23970,6,4,2,3,3,3,3
23978,6,4,2,3,3,3,3
23979,6,4,5,3,3,3,3
23982,5,4,1,3,3,3,3
23983,6,4,1,3,3,3,3
23990,4,4,3,1,1,1,1
23991,6,4,4,3,3,3,3
24001,6,4,3,2,1,1,1
24002,6,4,3,3,3,3,3
24006,6,4,1,3,3,3,3
24023,4,4,5,1,1,3,1
24024,6,4,4,3,3,3,3
24033,4,4,1,3,3,3,3
24044,6,4,6,3,3,3,3
24047,6,4,6,3,3,3,3
24049,6,4,2,3,3,3,3
24054,4,4,3,1,1,1,1
24064,5,4,5,3,3,3,3
24066,4,4,1,3,3,3,3
24068,6,4,4,3,3,3,3
24072,4,4,2,1,1,3,1
24073,6,4,1,3,3,3,3
24077,6,4,3,3,3,3,3
24085,6,4,2,3,3,3,3
24090,6,4,4,3,3,3,3
24098,4,4,3,3,3,3,3
24100,6,4,1,3,3,3,3
24102,6,4,4,3,3,3,3
24109,6,4,4,3,3,3,3
24112,4,4,4,3,3,3,3
24113,6,4,1,3,3,3,3
24115,6,4,6,3,3,3,3
24117,4,4,4,3,3,3,3
24121,6,4,2,3,3,3,3
24132,6,4,4,3,3,3,3
24138,6,4,2,3,3,3,3
24140,6,4,4,3,3,3,3
24151,4,4,5,3,3,3,3
24152,6,4,1,3,3,3,3
24167,6,4,6,3,3,3,3
24170,6,4,2,3,3,3,3
24174,6,4,3,3,3,3,3
24179,4,4,1,3,3,3,3
24184,6,4,5,3,3,3,3
24185,6,4,1,3,3,3,3
24188,6,4,4,3,3,3,3
24193,4,4,2,3,3,3,3
24196,6,4,2,3,3,3,3
24203,6,4,5,3,3,3,3
24217,6,4,6,3,3,3,3
24224,4,4,1,1,1,2,1
24231,6,4,6,3,3,3,3
24238,6,4,3,3,3,3,3
24240,4,4,6,3,3,3,3
24248,4,4,6,3,3,3,3
24251,6,4,1,3,3,3,3
24257,4,4,3,3,3,3,3
24258,6,4,3,3,3,3,3
24261,6,4,1,3,3,3,3
24262,6,4,4,2,1,1,1
24266,6,4,4,3,3,3,3
24278,6,4,5,3,3,3,3
24279,6,4,2,3,3,3,3
24286,2,4,6,3,3,3,3
24287,4,4,3,1,1,1,1
24289,4,4,6,1,1,2,1
24291,6,4,3,3,3,3,3
24292,4,4,5,1,1,3,1
24294,4,4,3,3,3,3,3
24306,4,4,3,3,3,3,3
24321,4,4,4,3,3,3,3
24322,6,4,1,3,3,3,3
24343,6,4,3,3,3,3,3
24344,6,4,2,3,3,3,3
24347,6,4,1,3,3,3,3
24353,6,4,3,3,3,3,3
24355,2,4,6,3,3,3,3
24357,6,4,6,3,3,3,3
24362,6,4,6,3,3,3,3
24364,4,4,5,3,3,3,3
24365,6,4,2,3,3,3,3
24369,6,4,2,3,3,3,3
24370,6,4,3,2,1,1,1
24377,6,4,5,3,3,3,3
24387,6,4,2,3,3,3,3
24388,6,4,6,3,3,3,3
24389,4,4,3,1,1,1,1
24392,4,4,4,3,3,3,3
24398,4,4,6,3,3,3,3
24399,6,4,5,3,3,3,3
24405,4,4,3,3,3,3,3
24425,4,4,5,3,3,3,3
24429,4,4,1,1,1,2,1
24430,6,4,5,3,3,3,3
24433,6,4,6,3,3,3,3
24434,4,4,3,3,3,3,3
24437,6,4,5,3,3,3,3
24439,4,4,2,3,3,3,3
24441,6,4,6,3,3,3,3
24443,4,4,5,3,3,3,3
24458,4,4,4,3,3,3,3
24459,6,4,3,3,3,3,3
24460,6,4,3,3,3,3,3
24471,6,4,1,3,3,3,3
24472,4,4,3,3,3,3,3
24481,6,4,1,3,3,3,3
24483,6,4,6,3,3,3,3
24490,6,4,2,3,3,3,3
24498,4,4,5,3,3,3,3
24499,6,4,2,3,3,3,3
24506,6,4,1,3,3,3,3
24508,6,4,3,3,3,3,3
24512,6,4,3,3,3,3,3
24531,5,4,1,3,3,3,3
24536,5,4,3,3,3,3,3
24539,6,4,6,3,3,3,3
24541,6,4,6,3,3,3,3
24547,4,4,2,3,3,3,3
24551,6,4,6,3,3,3,3
24556,6,4,3,3,3,3,3
24561,6,4,2,3,3,3,3
24564,6,4,3,3,3,3,3
24577,4,4,6,1,1,2,1
24580,6,4,1,3,3,3,3
24586,6,4,4,3,3,3,3
24588,3,4,2,3,3,3,3
24589,4,4,4,1,1,1,1
24590,6,4,3,3,3,3,3
24593,4,4,2,3,3,3,3
24597,6,4,5,3,3,3,3
24598,6,4,4,3,3,3,3
24601,4,4,6,3,3,3,3
24602,6,4,1,3,3,3,3
24605,6,4,3,3,3,3,3
24609,6,4,2,3,3,3,3
24611,4,4,4,3,3,3,3
24614,6,4,4,3,3,3,3
24617,5,4,3,3,3,3,3
24624,4,4,1,3,3,3,3
24634,6,4,2,3,3,3,3
24641,6,4,4,3,3,3,3
24642,6,4,5,3,3,3,3
24643,6,4,2,3,3,3,3
24645,4,4,1,1,1,2,1
24647,6,4,5,3,3,3,3
24649,6,4,6,3,3,3,3
24650,6,4,6,3,3,3,3
24660,4,4,1,3,3,3,3
24669,6,4,4,3,3,3,3
24670,4,4,6,3,3,3,3
24674,6,4,2,3,3,3,3
24675,4,4,6,1,1,2,1
24700,6,4,4,3,3,3,3
24715,6,4,5,3,3,3,3
24721,4,4,6,3,3,3,3
24728,6,4,2,3,3,3,3
24733,4,4,6,1,1,2,1
24738,6,4,2,3,3,3,3
24744,6,4,4,3,3,3,3
24748,6,4,5,3,3,3,3
24749,6,4,6,3,3,3,3
24750,4,4,3,1,1,1,1
24751,6,4,3,3,3,3,3
24754,6,4,3,3,3,3,3
24756,6,4,5,3,3,3,3
24757,4,4,5,3,3,3,3
24764,6,4,4,3,3,3,3
24769,6,4,5,3,3,3,3
24773,4,4,4,1,1,1,1
24778,6,4,6,3,3,3,3
24779,4,4,6,3,3,3,3
24780,6,4,3,3,3,3,3
24788,4,4,6,1,1,2,1
24790,6,4,3,3,3,3,3
24794,6,4,2,3,3,3,3
24802,4,4,3,3,3,3,3
24809,6,4,4,3,3,3,3
24813,4,4,1,3,3,3,3
24831,6,4,1,3,3,3,3
24832,6,4,6,3,3,3,3
24835,4,4,4,1,1,1,1
24836,6,4,6,3,3,3,3
24850,4,4,2,3,3,3,3
24853,6,4,3,3,3,3,3
24855,6,4,2,3,3,3,3
24856,6,4,4,3,3,3,3
24862,6,4,1,2,1,2,1
24867,4,4,4,1,1,1,1
24868,4,4,4,3,3,3,3
24875,6,4,4,3,3,3,3
24876,4,4,1,3,3,3,3
24893,6,4,6,3,3,3,3
24898,4,4,5,3,3,3,3
24902,4,4,6,3,3,3,3
24905,4,4,3,3,3,3,3
24906,6,4,5,3,3,3,3
24909,4,4,3,3,3,3,3
24911,6,4,1,3,3,3,3
24920,4,4,5,3,3,3,3
24928,6,4,2,3,3,3,3
24929,6,4,3,3,3,3,3
24931,4,4,6,1,1,2,1
24944,4,4,3,3,3,3,3
24954,6,4,4,3,3,3,3
24958,6,4,2,3,3,3,3
24967,4,4,3,1,1,1,1
24979,6,4,3,3,3,3,3
24986,6,4,2,3,3,3,3
24995,4,4,2,3,3,3,3
25007,4,4,2,3,3,3,3
25011,6,4,1,3,3,3,3
25015,5,4,1,3,3,3,3
25025,6,4,3,3,3,3,3
25033,6,4,4,3,3,3,3
25037,6,4,5,3,3,3,3
25040,6,4,6,3,3,3,3
25051,4,4,4,1,1,1,1
25059,4,4,3,3,3,3,3
25062,6,4,5,3,3,3,3
25063,6,4,2,3,3,3,3
25065,4,4,1,3,3,3,3
25069,4,4,2,1,1,3,1
25085,4,4,1,3,3,3,3
25093,6,4,1,3,3,3,3
25094,6,4,6,3,3,3,3
25099,6,4,4,3,3,3,3
25104,6,4,2,3,3,3,3
25106,6,4,6,3,3,3,3
25107,6,4,1,3,3,3,3
25109,6,4,2,3,3,3,3
25111,6,4,3,3,3,3,3
25112,6,4,4,3,3,3,3
25120,6,4,5,3,3,3,3
25129,6,4,6,3,3,3,3
25130,6,4,5,3,3,3,3
25156,6,4,3,3,3,3,3
25171,6,4,3,3,3,3,3
25172,6,4,5,3,3,3,3
25181,4,4,5,3,3,3,3
25182,6,4,4,3,3,3,3
25184,6,4,6,3,3,3,3
25185,6,4,4,3,3,3,3
25187,6,4,1,3,3,3,3
25189,4,4,6,3,3,3,3
25202,4,4,1,3,3,3,3
25204,6,4,4,3,3,3,3
25207,4,4,5,1,1,3,1
25209,4,4,6,1,1,2,1
25219,4,4,5,1,1,3,1
25220,6,4,3,3,3,3,3
25222,6,4,6,3,3,3,3
25225,6,4,5,3,3,3,3
25227,4,4,3,3,3,3,3
25234,4,4,3,1,1,1,1
25248,6,4,4,3,3,3,3
25255,4,4,4,3,3,3,3
25261,4,4,1,3,3,3,3
25272,6,4,1,3,3,3,3
25278,6,4,6,3,3,3,3
25283,6,4,3,3,3,3,3
25284,4,4,2,1,1,3,1
25287,5,4,3,3,3,3,3
25291,4,4,6,3,3,3,3
25293,6,4,1,3,3,3,3
25304,6,4,2,3,3,3,3
25308,6,4,5,3,3,3,3
25309,4,4,1,3,3,3,3
25314,5,4,6,3,3,3,3
25323,6,4,2,3,3,3,3
25324,6,4,6,2,1,2,1
25326,6,4,3,3,3,3,3
25331,6,4,5,3,3,3,3
25337,6,4,5,3,3,3,3
25338,6,4,1,3,3,3,3
25339,6,4,1,3,3,3,3
25340,6,4,4,3,3,3,3
25350,6,4,6,3,3,3,3
25356,4,4,5,1,1,3,1
25357,4,4,2,3,3,3,3
25358,6,4,4,3,3,3,3
25361,6,4,2,3,3,3,3
25363,4,4,3,3,3,3,3
25366,6,4,4,3,3,3,3
25369,6,4,2,3,3,3,3
25376,4,4,3,1,1,1,1
25377,6,4,1,3,3,3,3
25379,4,4,4,3,3,3,3
25381,6,4,5,3,3,3,3
25383,4,4,2,3,3,3,3
25384,6,4,6,3,3,3,3
25387,6,4,3,3,3,3,3
25396,4,4,4,3,3,3,3
25398,6,4,2,3,3,3,3
25401,4,4,3,3,3,3,3
25402,6,4,5,3,3,3,3
25405,6,4,3,3,3,3,3
25411,6,4,2,3,3,3,3
25413,4,4,5,1,1,3,1
25415,4,4,5,3,3,3,3
25416,6,4,3,3,3,3,3
25418,6,4,3,3,3,3,3
25420,4,4,1,1,1,2,1
25421,4,4,1,3,3,3,3
25425,4,4,2,3,3,3,3
25432,4,4,2,3,3,3,3
25434,4,4,2,1,1,3,1
25435,6,4,5,3,3,3,3
25444,4,4,5,1,1,3,1
25446,4,4,5,3,3,3,3
25448,4,4,6,3,3,3,3
25457,4,4,2,3,3,3,3
25463,4,4,2,1,1,3,1
25464,4,4,5,3,3,3,3
25469,6,4,1,3,3,3,3
25471,4,4,1,3,3,3,3
25482,6,4,5,3,3,3,3
25498,4,4,2,3,3,3,3
25499,6,4,1,3,3,3,3
25513,6,4,1,3,3,3,3
25529,4,4,1,3,3,3,3
25532,6,4,3,3,3,3,3
25538,6,4,4,3,3,3,3
25539,6,4,6,3,3,3,3
25551,4,4,1,3,3,3,3
25553,6,4,4,3,3,3,3
25556,6,4,6,3,3,3,3
25558,4,4,1,1,1,2,1
25560,6,4,1,3,3,3,3
25561,6,4,2,3,3,3,3
25562,6,4,4,3,3,3,3
25563,6,4,3,3,3,3,3
25566,4,4,5,3,3,3,3
25569,4,4,5,3,3,3,3
25583,6,4,6,3,3,3,3
25585,4,4,1,3,3,3,3
25588,4,4,5,1,1,3,1
25593,4,4,2,1,1,3,1
25594,4,4,4,1,1,1,1
25596,4,4,1,3,3,3,3
25601,6,4,5,3,3,3,3
25607,4,4,6,3,3,3,3
25608,6,4,1,3,3,3,3
25613,4,4,2,3,3,3,3
25622,4,4,2,3,3,3,3
25626,6,4,5,3,3,3,3
25637,4,4,1,3,3,3,3
25650,4,4,1,3,3,3,3
25652,4,4,2,3,3,3,3
25655,6,4,6,3,3,3,3
25656,4,4,4,3,3,3,3
25662,6,4,2,3,3,3,3
25667,6,4,1,3,3,3,3
25674,6,4,2,3,3,3,3
25675,6,4,3,3,3,3,3
25676,4,4,2,3,3,3,3
25686,4,4,3,3,3,3,3
25687,6,4,3,3,3,3,3
25701,4,4,5,1,1,3,1
25712,4,4,3,3,3,3,3
25717,6,4,2,3,3,3,3
25719,4,4,6,1,1,2,1
25721,6,4,2,2,1,3,1
25722,6,4,4,3,3,3,3
25723,4,4,2,3,3,3,3
25734,6,4,5,3,3,3,3
25740,4,4,2,1,1,3,1
25742,4,4,3,3,3,3,3
25743,6,4,5,3,3,3,3
25749,4,4,4,1,1,1,1
25753,4,4,2,3,3,3,3
25755,6,4,6,3,3,3,3
25757,6,4,2,3,3,3,3
25765,6,4,4,3,3,3,3
25769,4,4,5,3,3,3,3
25773,6,4,3,3,3,3,3
25776,4,4,5,1,1,3,1
25780,6,4,2,3,3,3,3
25783,4,4,4,3,3,3,3
25812,4,4,1,1,1,2,1
25817,4,4,1,1,1,2,1
25829,6,4,1,3,3,3,3
25831,6,4,5,3,3,3,3
25832,6,4,4,3,3,3,3
25834,6,4,1,3,3,3,3
25840,6,4,6,3,3,3,3
25846,6,4,4,3,3,3,3
25868,6,4,2,3,3,3,3
25880,6,4,4,3,3,3,3
25882,4,4,5,1,1,3,1
25883,4,4,1,3,3,3,3
25886,4,4,2,3,3,3,3
25887,4,4,2,3,3,3,3
25892,4,4,3,1,1,1,1
25895,6,4,5,3,3,3,3
25907,6,4,2,3,3,3,3
25908,6,4,6,3,3,3,3
25917,4,4,6,3,3,3,3
25920,6,4,5,3,3,3,3
25931,6,4,6,3,3,3,3
25935,6,4,5,3,3,3,3
25937,6,4,1,3,3,3,3
25939,6,4,6,3,3,3,3
25940,6,4,5,2,1,3,1
25941,4,4,2,1,1,3,1
25943,6,4,1,3,3,3,3
25956,4,4,2,3,3,3,3
25961,6,4,4,3,3,3,3
25968,6,4,4,3,3,3,3
25972,6,4,4,2,1,1,1
25975,4,4,1,1,1,2,1
25979,6,4,6,3,3,3,3
25983,4,4,4,3,3,3,3
25984,6,4,4,3,3,3,3
25990,6,4,3,3,3,3,3
25991,4,4,1,3,3,3,3
25998,6,4,1,3,3,3,3
26005,4,4,1,1,1,2,1
26012,4,4,1,3,3,3,3
26018,4,4,5,1,1,3,1
26021,4,4,4,3,3,3,3
26028,6,4,4,3,3,3,3
26030,4,4,3,1,1,1,1
26032,4,4,2,3,3,3,3
26037,6,4,4,3,3,3,3
26043,4,4,3,1,1,1,1
26052,6,4,3,3,3,3,3
26054,4,4,5,3,3,3,3
26055,4,4,4,3,3,3,3
26059,4,4,2,3,3,3,3
26062,6,4,3,3,3,3,3
26076,4,4,3,3,3,3,3
26087,4,4,3,1,1,1,1
26090,6,4,2,3,3,3,3
26093,4,4,6,3,3,3,3
26098,6,4,4,3,3,3,3
26105,4,4,5,1,1,3,1
26109,6,4,2,3,3,3,3
26119,6,4,3,3,3,3,3
26123,6,4,1,3,3,3,3
26125,6,4,6,3,3,3,3
26128,6,4,2,3,3,3,3
26133,4,4,6,3,3,3,3
26134,4,4,1,3,3,3,3
26136,6,4,2,3,3,3,3
26137,4,4,2,3,3,3,3
26141,4,4,1,3,3,3,3
26146,6,4,1,3,3,3,3
26153,6,4,6,3,3,3,3
26156,6,4,6,3,3,3,3
26157,4,4,4,1,1,1,1
26167,6,4,2,3,3,3,3
26169,6,4,2,3,3,3,3
26181,6,4,6,3,3,3,3
26192,4,4,1,3,3,3,3
26199,4,4,2,3,3,3,3
26202,4,4,1,1,1,2,1
26215,6,4,4,3,3,3,3
26219,4,4,5,3,3,3,3
26221,6,4,4,3,3,3,3
26222,6,4,2,3,3,3,3
26228,4,4,4,3,3,3,3
26229,4,4,3,3,3,3,3
26233,4,4,4,3,3,3,3
26234,6,4,3,3,3,3,3
26259,6,4,1,3,3,3,3
26260,4,4,3,3,3,3,3
26264,6,4,3,3,3,3,3
26270,4,4,6,1,1,2,1
26273,6,4,6,3,3,3,3
26274,4,4,1,1,1,2,1
26285,4,4,1,1,1,2,1
26292,4,4,6,1,1,2,1
26298,6,4,3,3,3,3,3
26316,4,4,5,3,3,3,3
26317,6,4,1,3,3,3,3
26324,6,4,5,3,3,3,3
26325,6,4,5,3,3,3,3
26329,6,4,2,3,3,3,3
26332,6,4,3,3,3,3,3
26340,6,4,6,3,3,3,3
26342,4,4,6,3,3,3,3
26349,4,4,2,3,3,3,3
26350,4,4,2,1,1,3,1
26353,4,4,4,3,3,3,3
26363,6,4,5,3,3,3,3
26369,4,4,5,3,3,3,3
26370,4,4,3,1,1,1,1
26376,6,4,4,3,3,3,3
26377,6,4,5,3,3,3,3
26380,4,4,2,3,3,3,3
26382,6,4,1,3,3,3,3
26388,4,4,6,3,3,3,3
26394,4,4,5,1,1,3,1
26396,4,4,2,1,1,3,1
26403,6,4,4,3,3,3,3
26406,4,4,3,3,3,3,3
26407,6,4,1,3,3,3,3
26410,6,4,3,3,3,3,3
26414,6,4,4,3,3,3,3
26424,4,4,6,1,1,2,1
26427,6,4,6,3,3,3,3
26432,6,4,2,3,3,3,3
26433,6,4,5,3,3,3,3
26436,4,4,1,3,3,3,3
26453,4,4,6,3,3,3,3
26460,4,4,6,1,1,2,1
26462,6,4,1,3,3,3,3
26463,6,4,4,3,3,3,3
26471,6,4,2,3,3,3,3
26478,6,4,1,3,3,3,3
26491,4,4,5,1,1,3,1
26493,6,4,3,3,3,3,3
26498,4,4,3,1,1,1,1
26501,6,4,6,3,3,3,3
26502,6,4,2,3,3,3,3
26504,6,4,6,3,3,3,3
26505,6,4,1,3,3,3,3
26518,6,4,4,3,3,3,3
26534,4,4,1,3,3,3,3
26535,6,4,5,3,3,3,3
26537,6,4,5,3,3,3,3
26539,6,4,6,3,3,3,3
26542,6,4,6,3,3,3,3
26552,4,4,1,3,3,3,3
26571,4,4,4,3,3,3,3
26579,4,4,3,3,3,3,3
26584,4,4,1,3,3,3,3
26590,4,4,1,1,1,2,1
26592,6,4,6,3,3,3,3
26601,6,4,4,3,3,3,3
26605,4,4,1,3,3,3,3
26610,6,4,5,3,3,3,3
26612,6,4,2,3,3,3,3
26613,6,4,4,3,3,3,3
26614,4,4,4,3,3,3,3
26617,6,4,6,3,3,3,3
26630,4,4,2,1,1,3,1
26631,6,4,4,3,3,3,3
26639,4,4,6,1,1,2,1
26643,4,4,6,1,1,2,1
26647,4,4,1,3,3,3,3
26648,4,4,4,1,1,1,1
26653,4,4,6,1,1,2,1
26658,4,4,5,3,3,3,3
26660,6,4,3,3,3,3,3
26662,5,4,1,3,3,3,3
26668,4,4,5,3,3,3,3
26673,4,4,5,3,3,3,3
26674,4,4,2,3,3,3,3
26684,4,4,1,3,3,3,3
26692,6,4,3,3,3,3,3
26697,6,4,1,3,3,3,3
26701,6,4,2,3,3,3,3
26710,6,4,6,3,3,3,3
26721,6,4,2,3,3,3,3
26723,4,4,1,3,3,3,3
26726,6,4,3,3,3,3,3
26728,6,4,1,2,1,2,1
26735,6,4,1,3,3,3,3
26740,6,4,2,3,3,3,3
26743,6,4,5,3,3,3,3
26745,4,4,6,3,3,3,3
26747,6,4,3,3,3,3,3
26751,4,4,6,3,3,3,3
26759,6,4,6,3,3,3,3
26763,4,4,4,3,3,3,3
26769,4,4,5,3,3,3,3
26771,6,4,5,3,3,3,3
26780,6,4,5,3,3,3,3
26783,6,4,5,3,3,3,3
26788,6,4,4,3,3,3,3
26790,4,4,3,1,1,1,1
26802,6,4,3,3,3,3,3
26809,6,4,5,3,3,3,3
26811,6,4,3,3,3,3,3
26814,6,4,6,3,3,3,3
26817,4,4,5,3,3,3,3
26821,4,4,2,3,3,3,3
26827,6,4,1,3,3,3,3
26828,6,4,3,3,3,3,3
26830,4,4,2,3,3,3,3
26837,4,4,2,1,1,3,1
26842,6,4,6,3,3,3,3
26856,6,4,2,3,3,3,3
26860,6,4,2,3,3,3,3
26864,6,4,5,3,3,3,3
26868,4,4,4,3,3,3,3
26873,4,4,6,3,3,3,3
26878,6,4,1,3,3,3,3
26879,4,4,2,3,3,3,3
26881,6,4,2,3,3,3,3
26885,6,4,2,3,3,3,3
26891,4,4,2,3,3,3,3
26896,4,4,1,3,3,3,3
26900,4,4,3,3,3,3,3
26907,4,4,1,3,3,3,3
26908,4,4,1,1,1,2,1
26909,4,4,2,1,1,3,1
26911,4,4,4,3,3,3,3
26919,6,4,3,3,3,3,3
26926,6,4,6,3,3,3,3
26928,4,4,6,3,3,3,3
26930,6,4,1,3,3,3,3
26943,6,4,2,3,3,3,3
26944,4,4,6,3,3,3,3
26945,4,4,1,3,3,3,3
26956,6,4,6,3,3,3,3
26963,6,4,1,3,3,3,3
26966,6,4,2,3,3,3,3
26967,6,4,4,3,3,3,3
26974,6,4,2,3,3,3,3
26975,4,4,3,1,1,1,1
26985,4,4,1,1,1,2,1
26994,6,4,1,3,3,3,3
26999,6,4,1,3,3,3,3
27013,6,4,4,3,3,3,3
27025,4,4,2,3,3,3,3
27038,4,4,2,3,3,3,3
27040,4,4,4,3,3,3,3
27042,6,4,1,3,3,3,3
27046,4,4,5,3,3,3,3
27048,6,4,2,3,3,3,3
27049,6,4,6,3,3,3,3
27057,6,4,5,3,3,3,3
27059,6,4,2,2,1,3,1
27060,4,4,4,3,3,3,3
27067,6,4,4,3,3,3,3
27072,4,4,6,1,1,2,1
27078,6,4,4,3,3,3,3
27079,4,4,4,3,3,3,3
27080,6,4,1,3,3,3,3
27091,6,4,1,3,3,3,3
27092,6,4,3,3,3,3,3
27095,6,4,5,3,3,3,3
27101,4,4,6,1,1,2,1
27102,4,4,3,3,3,3,3
27105,4,4,2,1,1,3,1
27109,4,4,4,3,3,3,3
27114,6,4,4,3,3,3,3
27119,6,4,1,3,3,3,3
27125,6,4,4,3,3,3,3
27134,6,4,5,3,3,3,3
27145,4,4,4,3,3,3,3
27147,4,4,5,3,3,3,3
27148,6,4,6,3,3,3,3
27149,6,4,6,3,3,3,3
27151,4,4,1,1,1,2,1
27153,6,4,2,3,3,3,3
27154,6,4,3,3,3,3,3
27159,4,4,4,3,3,3,3
27161,6,4,2,3,3,3,3
27166,6,4,6,3,3,3,3
27171,6,4,3,3,3,3,3
27180,6,4,5,3,3,3,3
27181,4,4,3,3,3,3,3
27183,4,4,6,3,3,3,3
27200,6,4,6,3,3,3,3
27202,4,4,5,3,3,3,3
27203,6,4,1,3,3,3,3
27206,6,4,2,3,3,3,3
27211,4,4,6,1,1,2,1
27214,4,4,1,1,1,2,1
27217,4,4,5,3,3,3,3
27220,4,4,6,3,3,3,3
27223,4,4,3,1,1,1,1
27228,6,4,4,3,3,3,3
27233,6,4,1,3,3,3,3
27234,6,4,6,3,3,3,3
27238,4,4,5,3,3,3,3
27239,6,4,1,3,3,3,3
27245,6,4,3,3,3,3,3
27249,4,4,4,1,1,1,1
27252,4,4,2,3,3,3,3
27257,6,4,4,3,3,3,3
27258,6,4,6,3,3,3,3
27265,6,4,2,3,3,3,3
27268,6,4,5,3,3,3,3
27273,4,4,5,3,3,3,3
27277,4,4,1,3,3,3,3
27278,4,4,1,3,3,3,3
27279,6,4,2,3,3,3,3
27299,6,4,3,3,3,3,3
27300,6,4,6,3,3,3,3
27304,4,4,2,1,1,3,1
27306,6,4,3,3,3,3,3
27310,4,4,2,3,3,3,3
27314,6,4,1,3,3,3,3
27315,4,4,5,3,3,3,3
27332,4,4,5,3,3,3,3
27335,6,4,4,3,3,3,3
27339,6,4,2,3,3,3,3
27360,6,4,1,3,3,3,3
27364,6,4,4,3,3,3,3
27365,6,4,4,3,3,3,3
27377,4,4,3,1,1,1,1
27378,4,4,4,3,3,3,3
27381,4,4,6,1,1,2,1
27382,4,4,5,3,3,3,3
27387,6,4,4,3,3,3,3
27388,6,4,4,3,3,3,3
27390,4,4,2,1,1,3,1
27391,6,4,1,3,3,3,3
27401,4,4,1,3,3,3,3
27414,4,4,2,3,3,3,3
27426,4,4,6,1,1,2,1
27449,6,4,3,3,3,3,3
27450,4,4,4,1,1,1,1
27453,6,4,1,3,3,3,3
27457,6,4,3,3,3,3,3
27463,4,4,4,3,3,3,3
27467,4,4,4,1,1,1,1
27472,4,4,6,1,1,2,1
27477,4,4,3,3,3,3,3
27486,4,4,2,1,1,3,1
27494,4,4,2,3,3,3,3
27496,6,4,1,3,3,3,3
27514,6,4,5,3,3,3,3
27526,6,4,2,3,3,3,3
27529,4,4,2,3,3,3,3
27531,4,4,5,1,1,3,1
27540,4,4,6,3,3,3,3
27546,4,4,6,1,1,2,1
27548,6,4,4,3,3,3,3
27551,4,4,6,1,1,2,1
27557,6,4,3,3,3,3,3
27560,6,4,1,3,3,3,3
27561,6,4,6,3,3,3,3
27563,4,4,3,1,1,1,1
27575,4,4,6,1,1,2,1
27580,6,4,3,3,3,3,3
27595,6,4,6,3,3,3,3
27605,6,4,2,3,3,3,3
27606,4,4,5,1,1,3,1
27613,4,4,6,3,3,3,3
27614,4,4,4,1,1,1,1
27618,4,4,4,3,3,3,3
27626,4,4,4,3,3,3,3
27636,4,4,5,3,3,3,3
27646,6,4,4,3,3,3,3
27647,4,4,4,1,1,1,1
27653,6,4,6,3,3,3,3
27654,4,4,5,3,3,3,3
27658,6,4,2,3,3,3,3
27669,6,4,6,3,3,3,3
27674,6,4,3,3,3,3,3
27678,4,4,6,1,1,2,1
27680,6,4,4,3,3,3,3
27686,6,4,2,3,3,3,3
27696,4,4,4,1,1,1,1
27708,4,4,2,1,1,3,1
27715,4,4,5,1,1,3,1
27725,6,4,5,3,3,3,3
27742,4,4,2,1,1,3,1
27743,4,4,2,1,1,3,1
27757,6,4,3,3,3,3,3
27758,6,4,3,3,3,3,3
27761,6,4,3,3,3,3,3
27762,4,4,6,3,3,3,3
27763,4,4,3,3,3,3,3
27769,6,4,5,3,3,3,3
27777,6,4,5,3,3,3,3
27778,6,4,1,3,3,3,3
27784,6,4,1,3,3,3,3
27785,6,4,5,3,3,3,3
27798,4,4,2,1,1,3,1
27820,4,4,5,3,3,3,3
27822,4,4,5,1,1,3,1
27824,4,4,6,3,3,3,3
27829,6,4,1,3,3,3,3
27830,4,4,3,3,3,3,3
27840,4,4,6,3,3,3,3
27841,6,4,6,3,3,3,3
27864,6,4,5,3,3,3,3
27866,4,4,2,3,3,3,3
27868,4,4,4,3,3,3,3
27871,4,4,6,1,1,2,1
27876,6,4,3,3,3,3,3
27877,4,4,1,3,3,3,3
27878,4,4,4,3,3,3,3
27879,4,4,4,3,3,3,3
27882,4,4,3,3,3,3,3
27885,4,4,1,1,1,2,1
27887,4,4,2,3,3,3,3
27889,4,4,2,1,1,3,1
27892,6,4,4,3,3,3,3
27898,4,4,6,3,3,3,3
27911,4,4,4,3,3,3,3
27912,4,4,3,1,1,1,1
27918,6,4,4,3,3,3,3
27919,6,4,1,3,3,3,3
27925,6,4,2,3,3,3,3
27926,6,4,1,3,3,3,3
27927,6,4,6,3,3,3,3
27930,4,4,6,3,3,3,3
27933,4,4,1,3,3,3,3
27934,4,4,4,3,3,3,3
27943,6,4,6,3,3,3,3
27947,6,4,5,3,3,3,3
27958,4,4,6,3,3,3,3
27963,6,4,3,3,3,3,3
27966,4,4,2,3,3,3,3
27976,6,4,3,3,3,3,3
27982,6,4,5,3,3,3,3
27983,6,4,3,3,3,3,3
27986,4,4,4,3,3,3,3
27989,6,4,4,3,3,3,3
28000,6,4,1,3,3,3,3
28005,6,4,4,3,3,3,3
28010,6,4,2,3,3,3,3
28013,6,4,6,3,3,3,3
28019,6,4,6,2,1,2,1
28027,6,4,1,3,3,3,3
28040,6,4,2,3,3,3,3
28046,4,4,6,3,3,3,3
28049,6,4,2,3,3,3,3
28060,4,4,6,3,3,3,3
28061,4,4,5,3,3,3,3
28063,4,4,2,3,3,3,3
28065,6,4,1,3,3,3,3
28066,6,4,1,3,3,3,3
28071,6,4,2,3,3,3,3
28080,4,4,3,3,3,3,3
28084,4,4,2,3,3,3,3
28093,6,4,6,3,3,3,3
28094,6,4,1,3,3,3,3
28096,4,4,1,3,3,3,3
28104,4,4,6,3,3,3,3
28108,4,4,4,3,3,3,3
28111,4,4,6,3,3,3,3
28112,4,4,2,3,3,3,3
28121,4,4,2,3,3,3,3
28122,4,4,5,3,3,3,3
28124,4,4,4,3,3,3,3
28130,6,4,2,3,3,3,3
28139,4,4,4,3,3,3,3
28140,4,4,1,1,1,2,1
28145,4,4,6,3,3,3,3
28148,6,4,6,3,3,3,3
28155,4,4,2,1,1,3,1
28160,6,4,1,3,3,3,3
28163,4,4,6,3,3,3,3
28166,6,4,4,3,3,3,3
28168,4,4,6,3,3,3,3
28170,4,4,4,3,3,3,3
28171,6,4,4,3,3,3,3
28176,6,4,3,3,3,3,3
28180,6,4,2,3,3,3,3
28192,4,4,4,3,3,3,3
28194,6,4,1,3,3,3,3
28195,4,4,3,3,3,3,3
28200,6,4,4,3,3,3,3
28219,6,4,6,3,3,3,3
28221,6,4,6,3,3,3,3
28223,6,4,3,3,3,3,3
28224,4,4,6,3,3,3,3
28228,6,4,3,3,3,3,3
28230,6,4,3,3,3,3,3
28231,6,4,3,3,3,3,3
28242,4,4,1,1,1,2,1
28245,6,4,6,3,3,3,3
28246,6,4,5,2,1,3,1
28250,4,4,5,3,3,3,3
28254,4,4,3,3,3,3,3
28258,6,4,5,3,3,3,3
28262,6,4,1,3,3,3,3
28272,6,4,3,3,3,3,3
28276,6,4,5,3,3,3,3
28279,4,4,4,3,3,3,3
28280,6,4,3,3,3,3,3
28292,6,4,3,3,3,3,3
28293,4,4,4,3,3,3,3
28296,6,4,3,3,3,3,3
28297,4,4,2,3,3,3,3
28304,4,4,1,3,3,3,3
28305,4,4,2,3,3,3,3
28315,6,4,5,3,3,3,3
28316,6,4,3,3,3,3,3
28321,6,4,3,3,3,3,3
28329,6,4,5,3,3,3,3
28335,4,4,6,3,3,3,3
28337,4,4,3,3,3,3,3
28338,6,4,3,3,3,3,3
28341,4,4,5,3,3,3,3
28352,6,4,3,3,3,3,3
28355,4,4,2,1,1,3,1
28366,6,4,3,3,3,3,3
28367,6,4,2,3,3,3,3
28374,4,4,5,1,1,3,1
28375,6,4,2,3,3,3,3
28389,6,4,6,3,3,3,3
28390,6,4,2,3,3,3,3
28394,6,4,2,3,3,3,3
28395,4,4,3,3,3,3,3
28399,4,4,2,3,3,3,3
28406,6,4,3,3,3,3,3
28407,4,4,2,1,1,3,1
28409,4,4,5,1,1,3,1
28412,6,4,3,3,3,3,3
28427,6,4,5,3,3,3,3
28439,4,4,5,3,3,3,3
28445,4,4,3,1,1,1,1
28446,6,4,4,3,3,3,3
28448,4,4,1,3,3,3,3
28450,4,4,2,3,3,3,3
28455,6,4,6,3,3,3,3
28458,6,4,6,3,3,3,3
28465,4,4,2,1,1,3,1
28466,4,4,4,3,3,3,3
28470,6,4,5,3,3,3,3
28472,6,4,1,3,3,3,3
28482,6,4,1,3,3,3,3
28494,6,4,6,3,3,3,3
28497,4,4,4,1,1,1,1
28498,6,4,5,3,3,3,3
28506,6,4,5,3,3,3,3
28507,6,4,4,3,3,3,3
28517,4,4,1,1,1,2,1
28519,6,4,4,3,3,3,3
28524,6,4,5,3,3,3,3
28531,4,4,4,3,3,3,3
28537,6,4,1,3,3,3,3
28541,6,4,2,3,3,3,3
28544,4,4,2,1,1,3,1
28552,6,4,3,3,3,3,3
28555,5,4,4,3,3,3,3
28557,4,4,5,3,3,3,3
28566,4,4,1,3,3,3,3
28572,6,4,4,3,3,3,3
28575,4,4,2,3,3,3,3
28580,6,4,1,3,3,3,3
28582,6,4,6,3,3,3,3
28585,4,4,4,3,3,3,3
28586,4,4,2,1,1,3,1
28588,4,4,5,3,3,3,3
28594,4,4,5,3,3,3,3
28596,4,4,6,3,3,3,3
28598,4,4,5,3,3,3,3
28603,6,4,4,3,3,3,3
28607,4,4,2,3,3,3,3
28617,4,4,1,1,1,2,1
28622,4,4,6,3,3,3,3
28627,6,4,6,3,3,3,3
28630,6,4,4,3,3,3,3
28632,6,4,1,3,3,3,3
28638,6,4,1,3,3,3,3
28653,4,4,4,3,3,3,3
28661,6,4,1,3,3,3,3
28665,6,4,2,3,3,3,3
28669,6,4,1,3,3,3,3
28671,6,4,5,3,3,3,3
28672,6,4,2,3,3,3,3
28676,6,4,2,3,3,3,3
28678,4,4,4,1,1,1,1
28685,4,4,2,3,3,3,3
28689,6,4,3,3,3,3,3
28695,6,4,5,3,3,3,3
28704,6,4,6,1,2,1,1
28726,5,4,1,3,3,3,3
28727,4,4,2,1,1,3,1
28728,4,4,6,3,3,3,3
28734,4,4,3,3,3,3,3
28749,4,4,1,3,3,3,3
28754,6,4,3,3,3,3,3
28758,6,4,6,3,3,3,3
28760,4,4,6,2,2,1,1
28762,4,4,6,3,3,3,3
28764,4,4,5,2,2,1,1
28770,6,4,6,3,3,3,3
28779,4,4,3,3,3,3,3
28780,4,4,2,1,1,3,1
28787,6,4,3,3,3,3,3
28795,4,4,5,1,1,3,1
28796,6,4,5,3,3,3,3
28809,6,4,3,1,2,3,1
28817,4,4,4,1,1,1,1
28854,4,4,4,3,3,3,3
28865,4,4,6,2,2,1,1
28875,4,4,2,1,1,3,1
28886,6,4,1,3,3,3,3
28904,6,4,4,3,3,3,3
28918,4,4,3,3,3,3,3
28919,6,4,3,2,1,1,1
28924,6,4,2,3,3,3,3
28928,4,4,3,3,3,3,3
28933,6,4,4,3,3,3,3
28969,6,4,1,3,3,3,3
28974,6,4,4,3,3,3,3
28977,6,4,5,3,3,3,3
28978,4,4,3,1,1,1,1
28986,6,4,6,3,3,3,3
28994,4,4,6,2,2,1,1
29004,6,4,3,3,3,3,3
29005,6,4,1,3,3,3,3
29006,4,4,3,3,3,3,3
29012,6,4,4,3,3,3,3
29018,6,4,1,1,2,3,1
29019,6,4,3,3,3,3,3
29033,4,4,2,1,1,3,1
29034,6,4,3,3,3,3,3
29036,4,4,2,1,1,3,1
29039,4,4,4,1,1,1,1
29041,4,4,4,1,1,1,1
29048,6,4,5,3,3,3,3
29052,4,4,3,1,1,1,1
29064,2,4,6,3,3,3,3
29065,6,4,1,1,2,3,1
29074,6,4,1,3,3,3,3
29080,4,4,4,1,1,1,1
29084,6,4,6,3,3,3,3
29092,6,4,6,3,3,3,3
29093,6,4,6,3,3,3,3
29100,4,4,6,3,3,3,3
29124,4,4,4,1,1,1,1
29132,4,4,3,3,3,3,3
29135,4,4,4,3,3,3,3
29145,4,4,2,3,3,3,3
29146,6,4,2,3,3,3,3
29148,6,4,5,3,3,3,3
29149,6,4,5,3,3,3,3
29150,4,4,2,1,1,3,1
29169,6,4,6,3,3,3,3
29178,6,4,2,3,3,3,3
29183,4,4,3,1,1,1,1
29198,6,4,3,3,3,3,3
29201,4,4,1,3,3,3,3
29202,6,4,1,3,3,3,3
29232,6,4,4,3,3,3,3
29233,4,4,1,3,3,3,3
29240,6,4,5,1,2,1,1
29252,4,4,5,1,1,3,1
29266,4,4,1,3,3,3,3
29298,6,4,5,3,3,3,3
29302,6,4,4,3,3,3,3
29311,4,4,6,3,3,3,3
29349,4,4,2,3,3,3,3
29351,6,4,5,3,3,3,3
29360,6,4,3,1,2,3,1
29374,6,4,2,3,3,3,3
29375,4,4,1,3,3,3,3
29377,6,4,3,3,3,3,3
29382,6,4,6,3,3,3,3
29384,6,4,1,3,3,3,3
29387,6,4,1,3,3,3,3
29388,6,4,4,3,3,3,3
29397,4,4,5,3,3,3,3
29404,4,4,3,2,2,3,1
29408,6,4,2,3,3,3,3
29409,6,4,6,3,3,3,3
29419,4,4,6,3,3,3,3
29423,6,4,6,3,3,3,3
29427,6,4,5,3,3,3,3
29438,6,4,3,3,3,3,3
29439,4,4,5,2,2,1,1
29440,6,4,5,3,3,3,3
29441,4,4,4,3,3,3,3
29446,4,4,5,1,1,3,1
29448,6,4,1,1,2,3,1
29466,4,4,1,1,1,2,1
29474,4,4,4,2,2,2,1
29482,4,4,1,1,1,2,1
29483,6,4,6,3,3,3,3
29485,6,4,5,3,3,3,3
29509,6,4,3,3,3,3,3
29510,6,4,4,3,3,3,3
29512,4,4,6,3,3,3,3
29525,6,4,4,3,3,3,3
29528,4,4,3,3,3,3,3
29529,4,4,2,3,3,3,3
29547,4,4,6,1,1,2,1
29555,6,4,4,3,3,3,3
29557,4,4,6,3,3,3,3
29564,4,4,3,3,3,3,3
29567,6,4,3,3,3,3,3
29578,6,4,2,3,3,3,3
29581,5,4,3,3,3,3,3
29588,6,4,3,3,3,3,3
29596,6,4,5,3,3,3,3
29602,6,4,4,3,3,3,3
29603,4,4,1,2,2,3,1
29604,4,4,1,1,1,2,1
29611,6,4,4,3,3,3,3
29616,6,4,4,3,3,3,3
29617,6,4,1,3,3,3,3
29620,6,4,3,3,3,3,3
29649,6,4,4,3,3,3,3
29658,4,4,6,1,1,2,1
29662,4,4,4,3,3,3,3
29664,6,4,6,3,3,3,3
29666,4,4,3,1,1,1,1
29668,6,4,5,3,3,3,3
29682,6,4,1,3,3,3,3
29683,4,4,2,2,2,2,1
29712,6,4,5,3,3,3,3
29729,4,4,4,1,1,1,1
29744,4,4,3,1,1,1,1
29767,6,4,4,3,3,3,3
29781,4,4,1,2,2,3,1
29793,4,4,6,1,1,2,1
29795,6,4,5,3,3,3,3
29797,5,4,2,3,3,3,3
29818,6,4,1,3,3,3,3
29819,4,4,1,1,1,2,1
29823,4,4,4,1,1,1,1
29834,4,4,5,1,1,3,1
29839,6,4,1,3,3,3,3
29843,6,4,3,3,3,3,3
29860,4,4,1,3,3,3,3
29868,6,4,3,3,3,3,3
29875,4,4,4,3,3,3,3
29880,6,4,1,3,3,3,3
29884,4,4,1,3,3,3,3
29885,4,4,2,3,3,3,3
29887,6,4,2,3,3,3,3
29893,6,4,1,3,3,3,3
29896,6,4,2,3,3,3,3
29900,6,4,5,3,3,3,3
29910,4,4,6,2,2,1,1
29919,6,4,3,3,3,3,3
29921,4,4,5,2,2,1,1
29923,6,4,2,3,3,3,3
29924,6,4,3,3,3,3,3
29928,6,4,2,2,1,3,1
29932,6,4,3,3,3,3,3
29960,6,4,3,3,3,3,3
29969,5,4,4,3,3,3,3
29970,2,4,1,3,3,3,3
29975,6,4,4,1,2,2,1
29989,6,4,3,3,3,3,3
29990,4,4,4,1,1,1,1
29996,4,4,3,3,3,3,3
30001,6,4,1,3,3,3,3
30006,6,4,6,3,3,3,3
30013,6,4,5,2,1,3,1
30017,6,4,6,3,3,3,3
30021,6,4,4,3,3,3,3
30024,4,4,6,2,2,1,1
30025,4,4,5,3,3,3,3
30033,6,4,4,3,3,3,3
30035,6,4,4,3,3,3,3
30062,6,4,4,3,3,3,3
30063,6,4,5,3,3,3,3
30071,4,4,3,1,1,1,1
30074,6,4,6,3,3,3,3
30079,6,4,3,3,3,3,3
30099,6,4,3,3,3,3,3
30106,6,4,3,3,3,3,3
30119,6,4,4,3,3,3,3
30129,4,4,3,3,3,3,3
30133,6,4,2,3,3,3,3
30138,4,4,5,3,3,3,3
30142,6,4,2,3,3,3,3
30143,4,4,4,2,2,2,1
30151,6,4,3,3,3,3,3
30155,6,4,2,3,3,3,3
30159,6,4,6,3,3,3,3
30162,6,4,1,1,2,3,1
30167,6,4,5,3,3,3,3
30170,6,4,3,3,3,3,3
30172,6,4,2,3,3,3,3
30178,4,4,1,1,1,2,1
30180,6,4,4,3,3,3,3
30191,6,4,4,3,3,3,3
30193,6,4,4,3,3,3,3
30194,6,4,4,3,3,3,3
30208,6,4,2,3,3,3,3
30216,6,4,1,3,3,3,3
30228,5,4,4,3,3,3,3
30229,6,4,5,3,3,3,3
30230,6,4,6,3,3,3,3
30233,6,4,5,3,3,3,3
30234,6,4,5,3,3,3,3
30241,6,4,6,3,3,3,3
30252,6,4,5,1,2,1,1
30254,6,4,1,3,3,3,3
30265,6,4,5,3,3,3,3
30266,6,4,1,3,3,3,3
30276,4,4,3,1,1,1,1
30277,6,4,2,3,3,3,3
30295,6,4,2,3,3,3,3
30312,6,4,5,3,3,3,3
30315,6,4,4,3,3,3,3
30325,4,4,5,3,3,3,3
30327,6,4,3,3,3,3,3
30331,6,4,1,3,3,3,3
30332,6,4,1,3,3,3,3
30336,4,4,5,3,3,3,3
30337,6,4,1,3,3,3,3
30339,6,4,2,3,3,3,3
30345,6,4,1,3,3,3,3
30354,6,4,5,3,3,3,3
30360,4,4,3,2,2,3,1
30373,6,4,5,3,3,3,3
30391,6,4,6,3,3,3,3
30394,6,4,2,3,3,3,3
30399,6,4,1,3,3,3,3
30420,6,4,4,3,3,3,3
30422,6,4,6,3,3,3,3
30430,4,4,4,2,2,2,1
30437,6,4,6,3,3,3,3
30456,6,4,5,1,2,1,1
30459,6,4,3,3,3,3,3
30460,6,4,6,3,3,3,3
30461,6,4,6,3,3,3,3
30470,4,4,6,2,2,1,1
30474,6,4,2,3,3,3,3
30478,4,4,3,1,1,1,1
30481,6,4,4,3,3,3,3
30493,6,4,6,3,3,3,3
30504,4,4,1,2,2,3,1
30509,6,4,1,3,3,3,3
30510,4,4,1,1,1,2,1
30511,4,4,1,3,3,3,3
30522,4,4,5,3,3,3,3
30523,6,4,6,3,3,3,3
30525,6,4,6,3,3,3,3
30528,4,4,5,1,1,3,1
30532,6,4,2,3,3,3,3
30534,4,4,6,1,1,2,1
30537,4,4,3,3,3,3,3
30539,4,4,1,3,3,3,3
30540,6,4,6,3,3,3,3
30542,6,4,3,1,2,3,1
30546,6,4,6,3,3,3,3
30547,4,4,5,3,3,3,3
30552,6,4,2,3,3,3,3
30554,6,4,1,3,3,3,3
30568,6,4,1,3,3,3,3
30574,6,4,2,3,3,3,3
30576,6,4,2,3,3,3,3
30604,4,4,3,1,1,1,1
30606,4,4,3,2,2,3,1
30608,6,4,1,3,3,3,3
30622,6,4,6,3,3,3,3
30623,4,4,5,2,2,1,1
30630,6,4,6,3,3,3,3
30638,6,4,2,3,3,3,3
30644,4,4,2,3,3,3,3
30651,6,4,3,1,2,3,1
30657,6,4,5,3,3,3,3
30665,4,4,4,2,2,2,1
30668,6,4,2,3,3,3,3
30670,6,4,5,3,3,3,3
30677,4,4,2,1,1,3,1
30681,6,4,4,3,3,3,3
30685,4,4,1,2,2,3,1
30686,6,4,3,3,3,3,3
30702,6,4,2,3,3,3,3
30704,6,4,5,3,3,3,3
30711,6,4,2,3,3,3,3
30725,6,4,3,3,3,3,3
30736,6,4,6,3,3,3,3
30741,6,4,3,3,3,3,3
30753,6,4,6,3,3,3,3
30754,6,4,3,3,3,3,3
30756,6,4,6,3,3,3,3
30763,6,4,1,3,3,3,3
30765,2,4,3,3,3,3,3
30772,6,4,4,3,3,3,3
30773,6,4,2,3,3,3,3
30775,4,4,3,2,2,3,1
30781,4,4,2,3,3,3,3
30793,2,4,3,3,3,3,3
30801,4,4,6,2,2,1,1
30810,6,4,3,3,3,3,3
30815,6,4,2,3,3,3,3
30818,6,4,5,3,3,3,3
30821,4,4,5,3,3,3,3
30825,6,4,5,1,2,1,1
30826,4,4,3,1,1,1,1
30840,6,4,4,3,3,3,3
30857,6,4,5,3,3,3,3
30874,4,4,2,3,3,3,3
30877,6,4,3,3,3,3,3
30919,6,4,1,3,3,3,3
30922,6,4,3,3,3,3,3
30924,6,4,5,3,3,3,3
30928,4,4,5,1,1,3,1
30930,6,4,5,3,3,3,3
30936,4,4,2,3,3,3,3
30953,4,4,5,3,3,3,3
30955,6,4,4,3,3,3,3
30956,6,4,5,3,3,3,3
30958,6,4,2,3,3,3,3
30959,4,4,1,1,1,2,1
30965,6,4,2,3,3,3,3
30973,6,4,3,3,3,3,3
30979,6,4,3,3,3,3,3
30981,6,4,4,1,2,2,1
30994,4,4,3,1,1,1,1
30997,6,4,1,3,3,3,3
30999,6,4,4,3,3,3,3
31000,6,4,4,3,3,3,3
31003,6,4,2,3,3,3,3
31005,4,4,4,2,2,2,1
31007,4,4,4,3,3,3,3
31008,4,4,4,2,2,2,1
31015,6,4,1,3,3,3,3
31018,4,4,2,3,3,3,3
31021,6,4,4,3,3,3,3
31031,6,4,5,3,3,3,3
31043,6,4,1,1,2,3,1
31050,4,4,4,2,2,2,1
31060,6,4,1,3,3,3,3
31077,4,4,4,3,3,3,3
31082,6,4,3,2,1,1,1
31091,6,4,2,3,3,3,3
31095,6,4,4,3,3,3,3
31109,6,4,3,3,3,3,3
31110,4,4,6,3,3,3,3
31115,6,4,3,3,3,3,3
31124,6,4,4,3,3,3,3
31128,6,4,3,3,3,3,3
31130,6,4,2,3,3,3,3
31132,4,4,5,3,3,3,3
31133,2,4,2,3,3,3,3
31135,6,4,6,3,3,3,3
31148,4,4,1,1,1,2,1
31152,6,4,5,3,3,3,3
31170,4,4,3,3,3,3,3
31177,6,4,4,3,3,3,3
31185,6,4,2,3,3,3,3
31189,4,4,5,1,1,3,1
31197,6,4,6,3,3,3,3
31202,6,4,2,3,3,3,3
31205,6,4,6,3,3,3,3
31209,6,4,1,3,3,3,3
31212,4,4,3,2,2,3,1
31218,4,4,4,3,3,3,3
31237,6,4,6,3,3,3,3
31240,6,4,5,3,3,3,3
31246,6,4,3,3,3,3,3
31248,6,4,2,3,3,3,3
31254,6,4,5,3,3,3,3
31257,6,4,1,3,3,3,3
31259,4,4,5,3,3,3,3
31275,4,4,5,2,2,1,1
31277,6,4,2,3,3,3,3
31296,4,4,1,1,1,2,1
31301,6,4,4,3,3,3,3
31313,4,4,2,1,1,3,1
31317,4,4,4,1,1,1,1
31320,6,4,3,3,3,3,3
31321,6,4,1,3,3,3,3
31323,6,4,5,1,2,1,1
31327,6,4,3,3,3,3,3
31348,6,4,6,3,3,3,3
31353,6,4,6,3,3,3,3
31360,4,4,5,1,1,3,1
31362,6,4,5,3,3,3,3
31366,4,4,2,3,3,3,3
31368,4,4,2,3,3,3,3
31370,6,4,6,3,3,3,3
31385,2,4,2,3,3,3,3
31392,6,4,2,3,3,3,3
31402,4,4,1,1,1,2,1
31403,6,4,2,3,3,3,3
31414,4,4,5,1,1,3,1
31417,6,4,4,3,3,3,3
31418,6,4,4,3,3,3,3
31422,4,4,2,1,1,3,1
31424,6,4,3,3,3,3,3
31427,6,4,1,3,3,3,3
31428,6,4,1,3,3,3,3
31429,6,4,5,3,3,3,3
31434,6,4,6,3,3,3,3
31442,6,4,5,3,3,3,3
31446,6,4,4,3,3,3,3
31448,6,4,2,3,3,3,3
31453,6,4,3,3,3,3,3
31455,6,4,4,3,3,3,3
31456,6,4,6,3,3,3,3
31466,6,4,5,3,3,3,3
31475,4,4,3,3,3,3,3
31480,6,4,4,3,3,3,3
31491,6,4,2,3,3,3,3
31492,6,4,3,3,3,3,3
31494,6,4,3,3,3,3,3
31498,6,4,5,3,3,3,3
31505,6,4,1,3,3,3,3
31529,6,4,5,3,3,3,3
31532,4,4,4,3,3,3,3
31544,6,4,3,3,3,3,3
31546,4,4,4,2,2,2,1
31552,6,4,3,3,3,3,3
31559,4,4,6,3,3,3,3
31565,6,4,1,3,3,3,3
31571,4,4,6,3,3,3,3
31581,6,4,1,3,3,3,3
31585,4,4,4,3,3,3,3
31589,4,4,6,3,3,3,3
31591,6,4,4,3,3,3,3
31593,6,4,1,3,3,3,3
31595,6,4,2,1,2,2,1
31600,6,4,4,3,3,3,3
31606,6,4,2,3,3,3,3
31612,6,4,1,3,3,3,3
31619,6,4,3,3,3,3,3
31622,6,4,5,3,3,3,3
31632,4,4,3,3,3,3,3
31647,6,4,4,3,3,3,3
31652,4,4,5,2,2,1,1
31671,4,4,3,1,1,1,1
31675,6,4,6,3,3,3,3
31678,6,4,1,3,3,3,3
31680,6,4,6,3,3,3,3
31683,5,4,2,3,3,3,3
31686,6,4,1,3,3,3,3
31691,6,4,3,3,3,3,3
31702,4,4,1,1,1,2,1
31730,6,4,3,3,3,3,3
31733,6,4,1,1,2,3,1
31746,6,4,3,3,3,3,3
31749,6,4,1,3,3,3,3
31754,6,4,4,1,2,2,1
31756,6,4,2,3,3,3,3
31761,6,4,2,3,3,3,3
31766,6,4,6,3,3,3,3
31771,4,4,2,3,3,3,3
31774,6,4,2,3,3,3,3
31780,6,4,4,3,3,3,3
31784,6,4,6,3,3,3,3
31793,6,4,6,3,3,3,3
31799,6,4,4,3,3,3,3
31806,6,4,2,3,3,3,3
31813,6,4,4,3,3,3,3
31819,6,4,2,3,3,3,3
31834,6,4,1,3,3,3,3
31853,6,4,6,3,3,3,3
31857,6,4,3,3,3,3,3
31896,6,4,4,3,3,3,3
31906,2,4,3,3,3,3,3
31925,4,4,4,3,3,3,3
31931,6,4,1,2,1,2,1
31933,6,4,6,3,3,3,3
31936,6,4,1,3,3,3,3
31961,6,4,3,1,2,3,1
31973,6,4,5,2,1,3,1
31975,6,4,4,1,2,2,1
31983,6,4,1,3,3,3,3
31992,6,4,2,3,3,3,3
32001,6,4,6,3,3,3,3
32003,6,4,3,3,3,3,3
32013,6,4,4,3,3,3,3
32017,4,4,5,3,3,3,3
32026,6,4,4,3,3,3,3
32052,6,4,1,3,3,3,3
32062,6,4,5,3,3,3,3
32063,4,4,4,3,3,3,3
32066,6,4,2,1,2,2,1
32072,6,4,2,3,3,3,3
32077,6,4,5,3,3,3,3
32079,6,4,6,3,3,3,3
32084,6,4,4,3,3,3,3
32086,6,4,5,3,3,3,3
32093,6,4,5,3,3,3,3
32102,6,4,5,3,3,3,3
32104,4,4,4,2,2,2,1
32111,6,4,6,1,2,1,1
32115,6,4,2,3,3,3,3
32116,6,4,3,3,3,3,3
32128,4,4,1,1,1,2,1
32133,6,4,3,3,3,3,3
32136,6,4,6,3,3,3,3
32145,4,4,5,3,3,3,3
32149,6,4,3,3,3,3,3
32152,6,4,6,3,3,3,3
32160,6,4,1,3,3,3,3
32162,4,4,3,3,3,3,3
32172,6,4,4,3,3,3,3
32176,4,4,2,3,3,3,3
32177,6,4,2,3,3,3,3
32197,6,4,5,3,3,3,3
32200,6,4,4,3,3,3,3
32206,6,4,6,3,3,3,3
32207,6,4,4,3,3,3,3
32218,6,4,4,3,3,3,3
32225,6,4,5,3,3,3,3
32235,6,4,4,3,3,3,3
32237,4,4,5,3,3,3,3
32243,6,4,4,3,3,3,3
32260,4,4,4,1,1,1,1
32266,6,4,5,3,3,3,3
32269,2,4,2,3,3,3,3
32270,4,4,6,3,3,3,3
32280,6,4,6,1,2,1,1
32285,6,4,5,3,3,3,3
32287,4,4,3,3,3,3,3
32289,4,4,1,2,2,3,1
32291,6,4,1,3,3,3,3
32301,6,4,5,3,3,3,3
32307,4,4,2,3,3,3,3
32309,6,4,5,1,2,1,1
32324,6,4,3,3,3,3,3
32332,6,4,1,3,3,3,3
32335,6,4,5,1,2,1,1
32347,4,4,2,2,2,2,1
32352,4,4,3,3,3,3,3
32359,4,4,6,3,3,3,3
32361,6,4,5,3,3,3,3
32370,6,4,3,3,3,3,3
32372,6,4,5,3,3,3,3
32391,6,4,3,3,3,3,3
32393,4,4,6,1,1,2,1
32394,6,4,2,1,2,2,1
32403,6,4,4,3,3,3,3
32409,2,4,1,3,3,3,3
32414,6,4,5,3,3,3,3
32424,6,4,5,3,3,3,3
32441,4,4,5,1,1,3,1
32454,4,4,6,1,1,2,1
32460,6,4,6,1,2,1,1
32463,6,4,6,3,3,3,3
32491,6,4,5,3,3,3,3
32492,6,4,4,3,3,3,3
32494,4,4,3,2,2,3,1
32497,6,4,6,2,1,2,1
32505,6,4,4,3,3,3,3
32515,6,4,3,3,3,3,3
32522,6,4,1,3,3,3,3
32528,6,4,3,3,3,3,3
32533,4,4,3,3,3,3,3
32535,6,4,3,3,3,3,3
32538,6,4,3,3,3,3,3
32541,4,4,6,3,3,3,3
32554,6,4,4,3,3,3,3
32556,6,4,5,3,3,3,3
32557,4,4,3,1,1,1,1
32571,6,4,4,1,2,2,1
32572,4,4,2,3,3,3,3
32574,6,4,5,3,3,3,3
32591,6,4,2,3,3,3,3
32603,6,4,5,1,2,1,1
32605,6,4,3,3,3,3,3
32619,6,4,5,3,3,3,3
32620,6,4,3,3,3,3,3
32624,6,4,2,3,3,3,3
32656,6,4,1,3,3,3,3
32657,4,4,2,3,3,3,3
32661,6,4,6,3,3,3,3
32666,6,4,2,3,3,3,3
32684,6,4,3,3,3,3,3
32685,6,4,4,3,3,3,3
32706,6,4,5,3,3,3,3
32712,6,4,6,3,3,3,3
32721,4,4,5,3,3,3,3
32724,4,4,2,3,3,3,3
32728,6,4,3,3,3,3,3
32729,4,4,1,1,1,2,1
32734,6,4,1,3,3,3,3
32737,6,4,2,3,3,3,3
32740,6,4,2,3,3,3,3
32746,6,4,2,3,3,3,3
32750,4,4,3,3,3,3,3
32754,6,4,5,3,3,3,3
32757,6,4,4,3,3,3,3
32758,6,4,5,3,3,3,3
32759,6,4,6,3,3,3,3
32761,4,4,6,3,3,3,3
32765,6,4,4,2,1,1,1
32770,4,4,4,3,3,3,3
32771,4,4,4,3,3,3,3
32785,6,4,1,3,3,3,3
32802,4,4,4,3,3,3,3
32810,6,4,6,3,3,3,3
32830,6,4,6,3,3,3,3
32833,6,4,3,3,3,3,3
32835,6,4,4,3,3,3,3
32839,6,4,3,1,2,3,1
32846,6,4,2,3,3,3,3
32857,6,4,2,3,3,3,3
32867,4,4,3,3,3,3,3
32869,4,4,1,2,2,3,1
32875,4,4,4,2,2,2,1
32876,6,4,5,3,3,3,3
32886,6,4,6,3,3,3,3
32892,6,4,1,3,3,3,3
32900,6,4,5,3,3,3,3
32906,4,4,1,3,3,3,3
32908,6,4,1,3,3,3,3
32920,6,4,5,3,3,3,3
32927,4,4,1,3,3,3,3
32929,5,4,6,3,3,3,3
32940,4,4,2,3,3,3,3
32945,6,4,2,3,3,3,3
32951,6,4,6,3,3,3,3
32954,6,4,2,3,3,3,3
32958,6,4,1,3,3,3,3
32980,6,4,2,3,3,3,3
32991,6,4,3,3,3,3,3
33016,6,4,3,3,3,3,3
33020,6,4,1,3,3,3,3
33022,6,4,1,3,3,3,3
33031,6,4,2,3,3,3,3
33032,6,4,6,3,3,3,3
33040,4,4,6,1,1,2,1
33045,6,4,1,3,3,3,3
33049,6,4,6,3,3,3,3
33061,6,4,5,3,3,3,3
33076,6,4,3,3,3,3,3
33078,6,4,5,3,3,3,3
33090,4,4,1,3,3,3,3
33091,6,4,4,3,3,3,3
33096,6,4,6,3,3,3,3
33098,4,4,2,3,3,3,3
33104,4,4,3,3,3,3,3
33109,6,4,3,3,3,3,3
33115,6,4,2,3,3,3,3
33118,5,4,5,3,3,3,3
33119,5,4,3,3,3,3,3
33125,4,4,4,3,3,3,3
33140,6,4,1,3,3,3,3
33145,6,4,3,3,3,3,3
33154,4,4,6,3,3,3,3
33157,4,4,5,3,3,3,3
33161,6,4,4,3,3,3,3
33163,6,4,2,1,2,2,1
33166,4,4,6,3,3,3,3
33172,6,4,1,3,3,3,3
33180,6,4,5,3,3,3,3
33183,6,4,2,3,3,3,3
33185,4,4,6,3,3,3,3
33190,6,4,5,3,3,3,3
33193,4,4,2,3,3,3,3
33195,6,4,6,1,2,1,1
33196,6,4,6,3,3,3,3
33198,4,4,2,3,3,3,3
33215,6,4,5,3,3,3,3
33226,6,4,6,3,3,3,3
33229,6,4,6,3,3,3,3
33240,6,4,6,1,2,1,1
33241,4,4,5,3,3,3,3
33248,6,4,2,3,3,3,3
33250,4,4,4,3,3,3,3
33252,6,4,3,1,2,3,1
33254,4,4,4,3,3,3,3
33256,4,4,5,3,3,3,3
33259,6,4,1,3,3,3,3
33261,6,4,6,3,3,3,3
33266,6,4,2,3,3,3,3
33272,4,4,6,2,2,1,1
33281,6,4,3,3,3,3,3
33294,6,4,6,3,3,3,3
33302,6,4,2,1,2,2,1
33308,4,4,5,1,1,3,1
33309,6,4,5,3,3,3,3
33311,6,4,3,3,3,3,3
33324,6,4,1,3,3,3,3
33328,4,4,6,1,1,2,1
33336,6,4,6,3,3,3,3
33338,6,4,2,2,1,3,1
33347,6,4,1,3,3,3,3
33352,6,4,3,3,3,3,3
33354,4,4,1,1,1,2,1
33364,6,4,2,3,3,3,3
33366,4,4,1,1,1,2,1
33398,6,4,1,3,3,3,3
33399,6,4,6,3,3,3,3
33431,4,4,2,3,3,3,3
33440,6,4,1,3,3,3,3
33446,6,4,5,3,3,3,3
33457,6,4,5,3,3,3,3
33458,4,4,6,3,3,3,3
33459,6,4,5,3,3,3,3
33460,6,4,6,3,3,3,3
33461,6,4,2,3,3,3,3
33462,5,4,6,3,3,3,3
33464,4,4,5,3,3,3,3
33477,6,4,2,3,3,3,3
33485,6,4,6,3,3,3,3
33498,4,4,5,3,3,3,3
33500,2,4,2,3,3,3,3
33504,6,4,5,3,3,3,3
33505,6,4,3,1,2,3,1
33506,6,4,6,3,3,3,3
33509,6,4,4,3,3,3,3
33532,6,4,6,3,3,3,3
33536,4,4,2,1,1,3,1
33537,6,4,5,3,3,3,3
33547,6,4,3,1,2,3,1
33549,6,4,2,1,2,2,1
33560,6,4,6,3,3,3,3
33567,6,4,1,3,3,3,3
33577,6,4,2,3,3,3,3
33598,6,4,3,3,3,3,3
33599,6,4,6,3,3,3,3
33602,6,4,2,3,3,3,3
33608,6,4,5,3,3,3,3
33611,6,4,3,3,3,3,3
33621,4,4,6,3,3,3,3
33622,6,4,1,3,3,3,3
33631,6,4,5,1,2,1,1
33641,6,4,5,3,3,3,3
33649,5,4,6,3,3,3,3
33652,6,4,5,2,1,3,1
33666,4,4,1,1,1,2,1
33675,6,4,6,3,3,3,3
33680,6,4,4,3,3,3,3
33699,6,4,6,3,3,3,3
33714,2,4,4,3,3,3,3
33720,6,4,4,3,3,3,3
33721,6,4,5,1,2,1,1
33723,6,4,4,3,3,3,3
33728,5,4,4,3,3,3,3
33734,6,4,5,3,3,3,3
33735,5,4,4,3,3,3,3
33745,4,4,3,3,3,3,3
33747,6,4,1,3,3,3,3
33748,6,4,6,3,3,3,3
33749,6,4,1,3,3,3,3
33756,6,4,2,3,3,3,3
33760,4,4,5,1,1,3,1
33768,6,4,6,3,3,3,3
33769,6,4,4,3,3,3,3
33772,6,4,1,3,3,3,3
33787,6,4,2,3,3,3,3
33803,4,4,3,3,3,3,3
33804,6,4,3,1,2,3,1
33811,4,4,4,3,3,3,3
33818,6,4,3,3,3,3,3
33820,6,4,6,3,3,3,3
33822,4,4,4,1,1,1,1
33826,6,4,4,3,3,3,3
33828,4,4,4,3,3,3,3
33844,6,4,4,2,1,1,1
33850,6,4,4,3,3,3,3
33851,2,4,5,3,3,3,3
33853,6,4,3,3,3,3,3
33871,6,4,3,3,3,3,3
33877,6,4,4,3,3,3,3
33881,6,4,6,3,3,3,3
33883,2,4,6,3,3,3,3
33884,6,4,5,3,3,3,3
33889,6,4,6,3,3,3,3
33892,6,4,4,3,3,3,3
33894,5,4,5,3,3,3,3
33926,6,4,6,1,2,1,1
33928,6,4,2,3,3,3,3
33945,4,4,3,3,3,3,3
33947,6,4,4,3,3,3,3
33984,6,4,3,3,3,3,3
33988,4,4,1,1,1,2,1
33989,6,4,5,3,3,3,3
33992,6,4,1,3,3,3,3
34005,6,4,2,3,3,3,3
34010,6,4,5,3,3,3,3
34011,6,4,4,3,3,3,3
34012,6,4,3,3,3,3,3
34014,6,4,2,3,3,3,3
34020,4,4,4,2,2,2,1
34027,4,4,1,3,3,3,3
34032,6,4,4,3,3,3,3
34036,6,4,1,3,3,3,3
34037,6,4,6,3,3,3,3
34039,4,4,3,1,1,1,1
34047,4,4,1,3,3,3,3
34052,6,4,6,3,3,3,3
34055,6,4,5,3,3,3,3
34065,6,4,1,3,3,3,3
34066,4,4,6,3,3,3,3
34083,4,4,5,2,2,1,1
34101,6,4,5,3,3,3,3
34110,5,4,2,3,3,3,3
34120,6,4,4,3,3,3,3
34121,2,4,1,3,3,3,3
34132,6,4,6,3,3,3,3
34169,6,4,1,1,2,3,1
34171,6,4,2,3,3,3,3
34172,6,4,3,3,3,3,3
34178,4,4,1,1,1,2,1
34179,6,4,3,3,3,3,3
34185,4,4,3,3,3,3,3
34206,6,4,3,3,3,3,3
34219,6,4,1,3,3,3,3
34225,4,4,3,2,2,3,1
34227,6,4,6,3,3,3,3
34230,6,4,2,3,3,3,3
34246,4,4,4,3,3,3,3
34247,6,4,1,3,3,3,3
34248,4,4,5,1,1,3,1
34251,6,4,3,3,3,3,3
34258,6,4,2,1,2,2,1
34260,6,4,2,3,3,3,3
34265,4,4,6,3,3,3,3
34266,4,4,4,3,3,3,3
34280,4,4,2,3,3,3,3
34281,6,4,6,3,3,3,3
34283,6,4,6,3,3,3,3
34287,5,4,4,3,3,3,3
34288,6,4,3,3,3,3,3
34290,6,4,4,3,3,3,3
34295,6,4,1,3,3,3,3
34297,4,4,4,3,3,3,3
34303,6,4,5,3,3,3,3
34310,6,4,3,3,3,3,3
34312,6,4,2,3,3,3,3
34320,6,4,4,3,3,3,3
34321,6,4,5,1,2,1,1
34323,6,4,4,3,3,3,3
34335,2,4,4,3,3,3,3
34350,4,4,2,3,3,3,3
34351,6,4,1,3,3,3,3
34361,6,4,3,3,3,3,3
34365,4,4,2,3,3,3,3
34368,6,4,4,3,3,3,3
34371,6,4,2,3,3,3,3
34373,6,4,5,3,3,3,3
34375,6,4,5,3,3,3,3
34381,6,4,5,3,3,3,3
34385,6,4,1,3,3,3,3
34395,4,4,2,3,3,3,3
34397,6,4,3,3,3,3,3
34398,4,4,1,3,3,3,3
34405,6,4,3,1,2,3,1
34411,6,4,4,3,3,3,3
34412,6,4,2,3,3,3,3
34425,4,4,1,3,3,3,3
34428,6,4,6,3,3,3,3
34437,6,4,1,3,3,3,3
34438,6,4,1,3,3,3,3
34440,4,4,5,3,3,3,3
34442,6,4,1,1,2,3,1
34443,6,4,6,3,3,3,3
34444,5,4,3,3,3,3,3
34446,6,4,6,3,3,3,3
34456,4,4,4,3,3,3,3
34457,5,4,5,3,3,3,3
34459,6,4,5,3,3,3,3
34472,4,4,2,3,3,3,3
34478,4,4,4,3,3,3,3
34484,6,4,6,3,3,3,3
34486,6,4,2,3,3,3,3
34489,6,4,5,3,3,3,3
34491,4,4,6,3,3,3,3
34492,6,4,6,3,3,3,3
34504,6,4,1,3,3,3,3
34507,6,4,3,3,3,3,3
34509,6,4,1,3,3,3,3
34518,6,4,4,3,3,3,3
34531,6,4,5,3,3,3,3
34545,6,4,2,3,3,3,3
34552,6,4,4,1,2,2,1
34562,4,4,1,1,1,2,1
34568,6,4,6,3,3,3,3
34569,6,4,6,3,3,3,3
34573,6,4,6,3,3,3,3
34583,4,4,3,1,1,1,1
34591,6,4,4,3,3,3,3
34595,6,4,5,2,1,3,1
34598,6,4,5,3,3,3,3
34605,6,4,2,3,3,3,3
34620,6,4,2,3,3,3,3
34639,6,4,3,3,3,3,3
34640,4,4,2,1,1,3,1
34641,6,4,5,3,3,3,3
34644,6,4,3,3,3,3,3
34650,5,4,1,3,3,3,3
34651,4,4,1,3,3,3,3
34660,6,4,1,3,3,3,3
34666,6,4,2,3,3,3,3
34675,6,4,1,3,3,3,3
34676,6,4,4,3,3,3,3
34678,6,4,3,3,3,3,3
34681,6,4,2,3,3,3,3
34683,6,4,1,3,3,3,3
34686,6,4,2,3,3,3,3
34690,6,4,6,3,3,3,3
34697,6,4,1,3,3,3,3
34702,4,4,6,2,2,1,1
34710,4,4,1,3,3,3,3
34713,4,4,3,1,1,1,1
34714,6,4,2,3,3,3,3
34726,6,4,5,3,3,3,3
34729,6,4,4,3,3,3,3
34733,4,4,1,3,3,3,3
34735,6,4,5,3,3,3,3
34736,6,4,4,3,3,3,3
34737,6,4,5,3,3,3,3
34750,4,4,6,3,3,3,3
34754,6,4,2,3,3,3,3
34773,6,4,3,3,3,3,3
34779,6,4,1,1,2,3,1
34780,4,4,3,2,2,3,1
34789,6,4,2,2,1,3,1
34798,6,4,4,1,2,2,1
34801,6,4,2,3,3,3,3
34806,4,4,2,3,3,3,3
34807,6,4,6,3,3,3,3
34816,6,4,5,3,3,3,3
34821,6,4,1,3,3,3,3
34826,6,4,1,3,3,3,3
34837,6,4,1,3,3,3,3
34849,6,4,1,3,3,3,3
34854,4,4,6,3,3,3,3
34857,6,4,1,3,3,3,3
34860,6,4,1,3,3,3,3
34863,6,4,4,3,3,3,3
34867,6,4,5,3,3,3,3
34881,4,4,6,3,3,3,3
34888,6,4,4,3,3,3,3
34912,6,4,6,3,3,3,3
34913,6,4,4,3,3,3,3
34914,4,4,6,3,3,3,3
34916,4,4,3,3,3,3,3
34919,4,4,6,3,3,3,3
34923,6,4,5,3,3,3,3
34946,4,4,6,3,3,3,3
34951,6,4,5,3,3,3,3
34962,6,4,3,3,3,3,3
34967,4,4,4,1,1,1,1
34978,6,4,2,3,3,3,3
34983,6,4,1,3,3,3,3
34986,6,4,3,3,3,3,3
34990,6,4,6,3,3,3,3
34995,6,4,5,3,3,3,3
35007,6,4,1,3,3,3,3
35008,6,4,3,3,3,3,3
35027,6,4,1,3,3,3,3
35028,4,4,3,3,3,3,3
35029,2,4,1,3,3,3,3
35041,4,4,5,2,2,1,1
35043,6,4,3,3,3,3,3
35045,4,4,5,1,1,3,1
35050,6,4,4,3,3,3,3
35064,6,4,3,3,3,3,3
35070,4,4,2,1,1,3,1
35074,6,4,2,3,3,3,3
35084,6,4,2,3,3,3,3
35098,4,4,1,3,3,3,3
35118,6,4,3,3,3,3,3
35122,6,4,5,3,3,3,3
35136,6,4,2,3,3,3,3
35138,4,4,4,1,1,1,1
35142,6,4,6,3,3,3,3
35143,6,4,5,3,3,3,3
35155,4,4,4,1,1,1,1
35163,6,4,4,3,3,3,3
35166,4,4,4,1,1,1,1
35171,6,4,6,3,3,3,3
35173,6,4,6,3,3,3,3
35184,6,4,3,3,3,3,3
35196,6,4,4,3,3,3,3
35202,6,4,1,3,3,3,3
35206,4,4,5,2,2,1,1
35212,6,4,4,3,3,3,3
35228,6,4,1,3,3,3,3
35237,6,4,3,3,3,3,3
35239,6,4,2,3,3,3,3
35240,4,4,2,3,3,3,3
35242,6,4,1,3,3,3,3
35247,6,4,5,3,3,3,3
35250,6,4,6,3,3,3,3
35276,6,4,4,1,2,2,1
35292,6,4,5,3,3,3,3
35293,6,4,3,3,3,3,3
35299,6,4,3,3,3,3,3
35305,6,4,6,3,3,3,3
35311,6,4,6,3,3,3,3
35317,6,4,2,2,1,3,1
35324,6,4,5,3,3,3,3
35328,4,4,2,3,3,3,3
35332,5,4,5,3,3,3,3
35341,6,4,2,3,3,3,3
35352,4,4,5,1,1,3,1
35355,4,4,3,3,3,3,3
35364,6,4,6,3,3,3,3
35390,6,4,5,3,3,3,3
35391,6,4,1,1,2,3,1
35392,4,4,5,1,1,3,1
35393,6,4,5,3,3,3,3
35396,2,4,5,3,3,3,3
35397,6,4,1,3,3,3,3
35398,6,4,5,3,3,3,3
35401,4,4,3,1,1,1,1
35421,6,4,5,1,2,1,1
35431,6,4,4,3,3,3,3
35432,6,4,2,3,3,3,3
35433,6,4,1,3,3,3,3
35435,6,4,1,3,3,3,3
35443,4,4,3,2,2,3,1
35444,4,4,6,1,1,2,1
35447,6,4,5,3,3,3,3
35449,6,4,2,3,3,3,3
35455,5,4,1,3,3,3,3
35462,6,4,1,3,3,3,3
35464,6,4,2,3,3,3,3
35467,6,4,1,3,3,3,3
35469,6,4,3,3,3,3,3
35476,6,4,3,2,1,1,1
35479,4,4,5,1,1,3,1
35482,4,4,2,3,3,3,3
35489,6,4,6,3,3,3,3
35513,6,4,3,3,3,3,3
35516,6,4,4,3,3,3,3
35522,6,4,6,3,3,3,3
35535,6,4,1,2,1,2,1
35536,6,4,5,3,3,3,3
35540,6,4,2,3,3,3,3
35541,4,4,4,3,3,3,3
35550,4,4,5,3,3,3,3
35551,6,4,2,3,3,3,3
35557,6,4,6,3,3,3,3
35560,4,4,4,3,3,3,3
35572,6,4,6,3,3,3,3
35581,6,4,2,3,3,3,3
35586,6,4,6,3,3,3,3
35592,2,4,4,3,3,3,3
35603,6,4,3,3,3,3,3
35607,5,4,5,3,3,3,3
35617,4,4,2,1,1,3,1
35622,4,4,5,2,2,1,1
35632,6,4,1,3,3,3,3
35634,6,4,4,3,3,3,3
35637,6,4,2,3,3,3,3
35654,4,4,4,1,1,1,1
35660,6,4,1,3,3,3,3
35662,6,4,5,1,2,1,1
35665,4,4,6,3,3,3,3
35666,6,4,4,1,2,2,1
35682,6,4,2,1,2,2,1
35684,6,4,3,3,3,3,3
35686,6,4,5,3,3,3,3
35690,4,4,6,2,2,1,1
35692,6,4,4,3,3,3,3
35695,6,4,3,3,3,3,3
35696,6,4,4,3,3,3,3
35701,6,4,6,1,2,1,1
35723,6,4,4,3,3,3,3
35726,6,4,4,3,3,3,3
35739,6,4,2,3,3,3,3
35740,6,4,1,3,3,3,3
35748,6,4,4,3,3,3,3
35779,6,4,3,3,3,3,3
35785,6,4,5,3,3,3,3
35786,4,4,3,3,3,3,3
35788,6,4,5,3,3,3,3
35797,4,4,3,3,3,3,3
35800,6,4,6,3,3,3,3
35808,4,4,4,2,2,2,1
35818,6,4,1,3,3,3,3
35819,6,4,5,3,3,3,3
35820,4,4,6,3,3,3,3
35826,6,4,2,3,3,3,3
35827,6,4,6,3,3,3,3
35830,6,4,6,3,3,3,3
35843,6,4,3,3,3,3,3
35849,4,4,5,3,3,3,3
35855,6,4,5,3,3,3,3
35860,6,4,4,3,3,3,3
35861,6,4,3,1,2,3,1
35864,6,4,2,3,3,3,3
35867,6,4,6,3,3,3,3
35868,6,4,4,3,3,3,3
35875,6,4,6,3,3,3,3
35881,6,4,4,3,3,3,3
35887,4,4,4,3,3,3,3
35894,6,4,2,3,3,3,3
35896,6,4,4,3,3,3,3
35898,4,4,6,3,3,3,3
35904,6,4,1,3,3,3,3
35909,6,4,3,3,3,3,3
35921,6,4,6,3,3,3,3
35926,6,4,4,1,2,2,1
35927,6,4,3,3,3,3,3
35936,6,4,5,3,3,3,3
35937,6,4,6,3,3,3,3
35942,4,4,5,3,3,3,3
35947,4,4,5,3,3,3,3
35955,6,4,5,3,3,3,3
35960,6,4,3,3,3,3,3
35969,4,4,5,3,3,3,3
35978,6,4,6,3,3,3,3
35982,6,4,3,3,3,3,3
35983,6,4,3,3,3,3,3
35987,6,4,4,3,3,3,3
35989,6,4,4,3,3,3,3
35991,6,4,2,3,3,3,3
36010,6,4,2,1,2,2,1
36017,6,4,4,3,3,3,3
36024,4,4,6,3,3,3,3
36028,6,4,2,3,3,3,3
36041,6,4,6,3,3,3,3
36045,6,4,3,3,3,3,3
36047,6,4,3,3,3,3,3
36049,6,4,5,3,3,3,3
36067,6,4,3,3,3,3,3
36072,4,4,3,3,3,3,3
36079,6,4,4,3,3,3,3
36096,4,4,1,1,1,2,1
36099,6,4,6,3,3,3,3
36104,6,4,3,3,3,3,3
36112,6,4,1,3,3,3,3
36115,4,4,2,3,3,3,3
36118,6,4,5,3,3,3,3
36119,6,4,5,3,3,3,3
36121,4,4,5,1,1,3,1
36125,6,4,2,2,1,3,1
36127,4,4,1,3,3,3,3
36129,6,4,4,3,3,3,3
36135,6,4,3,3,3,3,3
36136,4,4,4,3,3,3,3
36138,4,4,4,3,3,3,3
36140,6,4,1,3,3,3,3
36153,6,4,3,1,2,3,1
36154,6,4,1,3,3,3,3
36155,6,4,2,3,3,3,3
36163,6,4,2,3,3,3,3
36168,6,4,3,3,3,3,3
36175,4,4,5,3,3,3,3
36179,6,4,4,3,3,3,3
36193,6,4,5,3,3,3,3
36198,6,4,3,3,3,3,3
36201,6,4,3,3,3,3,3
36206,6,4,5,1,2,1,1
36209,4,4,4,3,3,3,3
36213,4,4,2,2,2,2,1
36231,5,4,6,3,3,3,3
36243,6,4,6,3,3,3,3
36255,6,4,4,3,3,3,3
36261,6,4,1,3,3,3,3
36281,4,4,3,3,3,3,3
36289,6,4,2,3,3,3,3
36294,6,4,3,3,3,3,3
36300,6,4,1,3,3,3,3
36301,4,4,1,2,2,3,1
36305,4,4,2,3,3,3,3
36310,6,4,3,1,2,3,1
36316,6,4,3,3,3,3,3
36317,4,4,1,2,2,3,1
36321,4,4,2,1,1,3,1
36327,6,4,6,3,3,3,3
36329,4,4,1,1,1,2,1
36335,6,4,3,3,3,3,3
36339,6,4,6,3,3,3,3
36344,4,4,3,3,3,3,3
36347,4,4,1,1,1,2,1
36348,6,4,2,3,3,3,3
36355,6,4,3,1,2,3,1
36357,6,4,1,3,3,3,3
36358,4,4,5,3,3,3,3
36365,6,4,6,3,3,3,3
36374,6,4,4,3,3,3,3
36383,6,4,1,3,3,3,3
36385,6,4,5,3,3,3,3
36390,6,4,6,3,3,3,3
36395,6,4,6,3,3,3,3
36398,2,4,4,3,3,3,3
36399,4,4,4,1,1,1,1
36405,6,4,3,3,3,3,3
36407,6,4,1,3,3,3,3
36419,4,4,5,3,3,3,3
36430,6,4,6,3,3,3,3
36449,6,4,5,3,3,3,3
36460,6,4,1,3,3,3,3
36465,6,4,5,3,3,3,3
36472,6,4,2,3,3,3,3
36482,4,4,2,1,1,3,1
36487,6,4,2,3,3,3,3
36490,4,4,6,2,2,1,1
36498,6,4,3,3,3,3,3
36500,4,4,1,3,3,3,3
36516,6,4,6,3,3,3,3
36526,6,4,2,3,3,3,3
36538,4,4,4,3,3,3,3
36544,6,4,4,1,2,2,1
36555,6,4,6,3,3,3,3
36556,6,4,5,3,3,3,3
36564,6,4,4,3,3,3,3
36565,4,4,4,1,1,1,1
36573,6,4,3,3,3,3,3
36574,6,4,5,2,1,3,1
36579,4,4,4,3,3,3,3
36581,6,4,4,2,1,1,1
36588,4,4,4,3,3,3,3
36608,4,4,1,1,1,2,1
36610,4,4,1,3,3,3,3
36619,6,4,1,3,3,3,3
36624,4,4,1,3,3,3,3
36626,6,4,6,3,3,3,3
36633,6,4,6,3,3,3,3
36638,6,4,6,3,3,3,3
36640,6,4,5,3,3,3,3
36643,6,4,1,3,3,3,3
36652,6,4,5,3,3,3,3
36659,4,4,6,2,2,1,1
36690,6,4,3,3,3,3,3
36693,6,4,2,3,3,3,3
36696,6,4,1,3,3,3,3
36697,6,4,2,3,3,3,3
36699,6,4,5,3,3,3,3
36700,6,4,2,3,3,3,3
36704,4,4,4,1,1,1,1
36709,4,4,4,1,1,1,1
36710,5,4,6,3,3,3,3
36736,4,4,5,1,1,3,1
36742,6,4,6,3,3,3,3
36749,4,4,4,1,1,1,1
36754,6,4,1,3,3,3,3
36756,6,4,2,3,3,3,3
36758,4,4,2,3,3,3,3
36764,6,4,2,1,2,2,1
36768,6,4,6,3,3,3,3
36770,6,4,6,3,3,3,3
36771,6,4,3,3,3,3,3
36772,4,4,3,2,2,3,1
36780,6,4,6,3,3,3,3
36781,4,4,4,2,2,2,1
36783,6,4,3,1,2,3,1
36791,6,4,6,3,3,3,3
36805,6,4,1,3,3,3,3
36813,6,4,2,3,3,3,3
36815,4,4,5,3,3,3,3
36823,6,4,4,1,2,2,1
36831,4,4,2,3,3,3,3
36832,6,4,1,3,3,3,3
36858,6,4,1,3,3,3,3
36860,6,4,1,3,3,3,3
36861,4,4,2,3,3,3,3
36871,6,4,5,3,3,3,3
36878,6,4,6,3,3,3,3
36884,4,4,4,2,2,2,1
36889,6,4,4,3,3,3,3
36891,6,4,6,3,3,3,3
36897,4,4,6,1,1,2,1
36914,6,4,2,3,3,3,3
36915,6,4,6,3,3,3,3
36921,6,4,5,3,3,3,3
36926,5,4,3,3,3,3,3
36929,4,4,1,3,3,3,3
36931,6,4,6,3,3,3,3
36937,6,4,3,1,2,3,1
36944,5,4,6,3,3,3,3
36945,6,4,3,3,3,3,3
36957,6,4,1,3,3,3,3
36963,4,4,4,3,3,3,3
36965,6,4,3,3,3,3,3
36971,6,4,5,3,3,3,3
36972,6,4,1,3,3,3,3
36979,6,4,2,3,3,3,3
36980,6,4,1,3,3,3,3
36984,6,4,1,3,3,3,3
36988,6,4,4,1,2,2,1
36994,4,4,3,3,3,3,3
36996,6,4,3,3,3,3,3
36997,6,4,2,3,3,3,3
37002,6,4,5,3,3,3,3
37004,6,4,6,3,3,3,3
37007,6,4,3,3,3,3,3
37016,6,4,3,3,3,3,3
37019,6,4,4,3,3,3,3
37020,6,4,3,3,3,3,3
37024,6,4,3,3,3,3,3
37029,6,4,2,3,3,3,3
37031,6,4,1,1,2,3,1
37036,6,4,1,3,3,3,3
37049,4,4,6,3,3,3,3
37051,6,4,2,3,3,3,3
37053,6,4,2,3,3,3,3
37058,6,4,6,3,3,3,3
37061,6,4,2,3,3,3,3
37063,6,4,1,3,3,3,3
37064,6,4,1,3,3,3,3
37074,6,4,1,3,3,3,3
37078,4,4,3,3,3,3,3
37081,6,4,5,3,3,3,3
37084,4,4,2,3,3,3,3
37095,6,4,2,3,3,3,3
37110,6,4,6,3,3,3,3
37111,6,4,4,3,3,3,3
37131,6,4,3,3,3,3,3
37134,2,4,3,3,3,3,3
37135,4,4,3,3,3,3,3
37138,4,4,5,1,1,3,1
37158,6,4,3,3,3,3,3
37180,4,4,5,3,3,3,3
37181,4,4,4,3,3,3,3
37183,6,4,6,3,3,3,3
37187,6,4,4,3,3,3,3
37189,6,4,2,3,3,3,3
37212,6,4,6,3,3,3,3
37217,6,4,1,3,3,3,3
37219,4,4,5,3,3,3,3
37221,6,4,6,3,3,3,3
37222,4,4,2,3,3,3,3
37227,6,4,3,3,3,3,3
37238,6,4,6,3,3,3,3
37244,6,4,3,3,3,3,3
37252,4,4,1,2,2,3,1
37257,5,4,1,3,3,3,3
37264,6,4,3,3,3,3,3
37266,6,4,4,3,3,3,3
37270,4,4,1,1,1,2,1
37274,6,4,5,3,3,3,3
37277,4,4,5,2,2,1,1
37287,6,4,6,3,3,3,3
37294,4,4,4,1,1,1,1
37297,6,4,2,3,3,3,3
37301,6,4,1,3,3,3,3
37302,6,4,2,3,3,3,3
37309,6,4,4,3,3,3,3
37311,6,4,5,3,3,3,3
37313,2,4,4,3,3,3,3
37314,6,4,4,3,3,3,3
37318,6,4,1,1,2,3,1
37324,6,4,4,3,3,3,3
37328,6,4,6,3,3,3,3
37332,6,4,5,3,3,3,3
37337,5,4,5,3,3,3,3
37339,4,4,6,3,3,3,3
37343,6,4,2,3,3,3,3
37350,6,4,4,3,3,3,3
37356,5,4,4,3,3,3,3
37357,6,4,5,3,3,3,3
37362,5,4,4,3,3,3,3
37365,6,4,5,3,3,3,3
37375,6,4,2,3,3,3,3
37376,6,4,5,3,3,3,3
37382,6,4,5,2,1,3,1
37383,6,4,4,3,3,3,3
37393,6,4,3,3,3,3,3
37408,4,4,3,1,1,1,1
37410,4,4,1,1,1,2,1
37416,6,4,3,3,3,3,3
37417,6,4,4,3,3,3,3
37418,6,4,6,3,3,3,3
37422,6,4,3,3,3,3,3
37424,6,4,1,3,3,3,3
37425,6,4,1,3,3,3,3
37434,6,4,6,3,3,3,3
37441,6,4,5,3,3,3,3
37443,6,4,5,3,3,3,3
37458,6,4,2,3,3,3,3
37459,6,4,2,1,2,2,1
37461,6,4,2,3,3,3,3
37465,6,4,2,3,3,3,3
37472,6,4,1,3,3,3,3
37478,4,4,1,3,3,3,3
37482,6,4,2,3,3,3,3
37486,6,4,4,3,3,3,3
37488,6,4,6,3,3,3,3
37494,6,4,5,1,2,1,1
37499,4,4,2,3,3,3,3
37502,6,4,2,3,3,3,3
37512,6,4,1,3,3,3,3
37516,6,4,2,3,3,3,3
37522,6,4,3,3,3,3,3
37523,6,4,6,3,3,3,3
37530,4,4,4,1,1,1,1
37531,6,4,4,3,3,3,3
37536,4,4,2,1,1,3,1
37544,4,4,6,3,3,3,3
37546,6,4,2,2,1,3,1
37547,6,4,4,3,3,3,3
37548,2,4,2,3,3,3,3
37551,4,4,5,3,3,3,3
37558,6,4,4,3,3,3,3
37563,6,4,5,1,2,1,1
37583,6,4,4,3,3,3,3
37585,5,4,6,3,3,3,3
37596,4,4,2,3,3,3,3
37601,6,4,3,3,3,3,3
37607,4,4,1,1,1,2,1
37628,6,4,2,3,3,3,3
37629,6,4,3,3,3,3,3
37630,6,4,4,3,3,3,3
37632,6,4,2,2,1,3,1
37633,6,4,1,3,3,3,3
37644,6,4,1,3,3,3,3
37651,6,4,4,3,3,3,3
37658,4,4,4,3,3,3,3
37660,6,4,1,3,3,3,3
37667,6,4,5,3,3,3,3
37668,6,4,4,3,3,3,3
37669,2,4,5,3,3,3,3
37675,6,4,3,3,3,3,3
37678,6,4,1,3,3,3,3
37689,6,4,1,3,3,3,3
37690,6,4,5,3,3,3,3
37693,6,4,2,3,3,3,3
37699,6,4,3,1,2,3,1
37708,6,4,6,3,3,3,3
37715,6,4,3,3,3,3,3
37716,6,4,4,1,2,2,1
37731,6,4,2,3,3,3,3
37735,6,4,2,3,3,3,3
37736,6,4,6,3,3,3,3
37740,6,4,3,3,3,3,3
37748,6,4,2,3,3,3,3
37760,4,4,1,3,3,3,3
37761,6,4,4,3,3,3,3
37765,6,4,1,3,3,3,3
37771,6,4,6,3,3,3,3
37778,6,4,4,3,3,3,3
37779,6,4,1,3,3,3,3
37782,4,4,1,3,3,3,3
37787,6,4,5,3,3,3,3
37789,6,4,1,3,3,3,3
37791,6,4,6,3,3,3,3
37793,4,4,1,3,3,3,3
37796,6,4,6,3,3,3,3
37801,4,4,3,1,1,1,1
37804,6,4,1,3,3,3,3
37812,6,4,5,3,3,3,3
37813,6,4,5,3,3,3,3
37823,6,4,6,3,3,3,3
37824,4,4,2,2,2,2,1
37827,6,4,3,3,3,3,3
37828,4,4,5,3,3,3,3
37846,6,4,2,3,3,3,3
37848,6,4,5,3,3,3,3
37850,6,4,3,3,3,3,3
37856,6,4,4,3,3,3,3
37862,4,4,6,3,3,3,3
37865,4,4,2,3,3,3,3
37867,2,4,1,3,3,3,3
37869,6,4,3,3,3,3,3
37881,6,4,4,3,3,3,3
37885,6,4,4,1,2,2,1
37902,4,4,4,3,3,3,3
37906,6,4,4,3,3,3,3
37907,6,4,1,3,3,3,3
37920,6,4,5,3,3,3,3
37924,6,4,6,3,3,3,3
37930,6,4,3,3,3,3,3
37939,6,4,1,3,3,3,3
37953,6,4,4,1,2,2,1
37956,6,4,1,2,1,2,1
37960,6,4,6,3,3,3,3
37967,6,4,3,3,3,3,3
37971,4,4,6,3,3,3,3
37974,2,4,6,3,3,3,3
37980,6,4,2,2,1,3,1
37987,6,4,5,3,3,3,3
37997,6,4,5,3,3,3,3
37998,6,4,6,3,3,3,3
38003,4,4,2,1,1,3,1
38004,4,4,2,1,1,3,1
38007,4,4,6,2,2,1,1
38013,4,4,3,3,3,3,3
38020,6,4,3,3,3,3,3
38024,6,4,5,3,3,3,3
38035,6,4,3,3,3,3,3
38043,6,4,3,3,3,3,3
38049,6,4,6,3,3,3,3
38050,6,4,4,3,3,3,3
38067,4,4,5,2,2,1,1
38069,6,4,1,3,3,3,3
38073,6,4,3,3,3,3,3
38081,6,4,5,3,3,3,3
38084,6,4,4,1,2,2,1
38085,6,4,4,3,3,3,3
38088,4,4,2,3,3,3,3
38091,6,4,6,1,2,1,1
38104,6,4,1,3,3,3,3
38106,6,4,3,3,3,3,3
38114,6,4,2,3,3,3,3
38122,4,4,2,3,3,3,3
38125,4,4,5,2,2,1,1
38132,6,4,6,3,3,3,3
38139,4,4,3,3,3,3,3
38145,4,4,4,2,2,2,1
38158,6,4,1,3,3,3,3
38165,6,4,5,3,3,3,3
38167,6,4,3,3,3,3,3
38168,6,4,5,3,3,3,3
38170,6,4,2,3,3,3,3
38179,6,4,4,3,3,3,3
38182,6,4,1,3,3,3,3
38192,6,4,4,3,3,3,3
38194,6,4,3,3,3,3,3
38195,6,4,4,3,3,3,3
38197,6,4,2,3,3,3,3
38198,4,4,4,1,1,1,1
38201,6,4,4,3,3,3,3
38220,4,4,5,3,3,3,3
38227,4,4,6,1,1,2,1
38248,6,4,4,1,2,2,1
38249,6,4,3,3,3,3,3
38250,6,4,5,1,2,1,1
38251,6,4,2,3,3,3,3
38261,6,4,3,1,2,3,1
38264,6,4,5,3,3,3,3
38273,6,4,5,3,3,3,3
38278,5,4,1,3,3,3,3
38283,4,4,3,1,1,1,1
38286,5,4,4,3,3,3,3
38289,6,4,5,3,3,3,3
38295,6,4,5,3,3,3,3
38297,6,4,1,3,3,3,3
38304,6,4,3,3,3,3,3
38312,4,4,6,3,3,3,3
38318,6,4,5,3,3,3,3
38322,6,4,4,3,3,3,3
38323,4,4,5,1,1,3,1
38325,6,4,2,3,3,3,3
38332,6,4,2,1,2,2,1
38337,6,4,4,3,3,3,3
38339,6,4,6,3,3,3,3
38351,6,4,4,3,3,3,3
38352,4,4,1,2,2,3,1
38354,4,4,5,2,2,1,1
38375,6,4,6,3,3,3,3
38379,6,4,4,3,3,3,3
38383,6,4,6,3,3,3,3
38385,6,4,4,3,3,3,3
38388,6,4,2,3,3,3,3
38392,6,4,6,3,3,3,3
38396,6,4,4,3,3,3,3
38409,6,4,6,3,3,3,3
38410,6,4,3,3,3,3,3
38427,6,4,3,3,3,3,3
38433,6,4,4,3,3,3,3
38434,6,4,3,1,2,3,1
38439,6,4,1,3,3,3,3
38440,6,4,2,3,3,3,3
38441,4,4,3,3,3,3,3
38443,6,4,1,3,3,3,3
38444,4,4,3,3,3,3,3
38456,6,4,4,2,1,1,1
38459,6,4,1,3,3,3,3
38461,6,4,1,3,3,3,3
38464,6,4,6,3,3,3,3
38466,4,4,4,2,2,2,1
38472,6,4,1,3,3,3,3
38475,4,4,6,1,1,2,1
38480,6,4,3,3,3,3,3
38483,6,4,1,3,3,3,3
38484,6,4,2,3,3,3,3
38488,6,4,2,3,3,3,3
38490,6,4,5,3,3,3,3
38498,4,4,5,3,3,3,3
38504,4,4,4,3,3,3,3
38506,4,4,4,3,3,3,3
38508,6,4,6,3,3,3,3
38509,4,4,4,3,3,3,3
38521,6,4,1,3,3,3,3
38536,4,4,1,1,1,2,1
38551,5,4,2,3,3,3,3
38558,6,4,3,3,3,3,3
38569,6,4,5,3,3,3,3
38598,4,4,1,3,3,3,3
38602,6,4,1,3,3,3,3
38607,6,4,1,3,3,3,3
38617,6,4,1,3,3,3,3
38640,4,4,6,3,3,3,3
38642,6,4,3,3,3,3,3
38652,6,4,3,1,2,3,1
38658,6,4,1,3,3,3,3
38662,6,4,6,3,3,3,3
38667,6,4,6,3,3,3,3
38671,6,4,1,3,3,3,3
38673,4,4,4,2,2,2,1
38674,6,4,6,3,3,3,3
38681,6,4,5,3,3,3,3
38684,6,4,6,3,3,3,3
38688,6,4,1,1,2,3,1
38696,6,4,1,1,2,3,1
38697,6,4,1,3,3,3,3
38707,6,4,1,3,3,3,3
38709,5,4,6,3,3,3,3
38711,6,4,4,3,3,3,3
38712,6,4,3,3,3,3,3
38713,6,4,4,3,3,3,3
38721,6,4,6,3,3,3,3
38731,6,4,4,2,1,1,1
38735,6,4,6,3,3,3,3
38740,6,4,3,3,3,3,3
38741,6,4,2,3,3,3,3
38749,4,4,4,3,3,3,3
38752,6,4,2,3,3,3,3
38771,6,4,5,3,3,3,3
38773,6,4,4,3,3,3,3
38781,6,4,6,3,3,3,3
38786,6,4,5,3,3,3,3
38787,6,4,3,3,3,3,3
38789,6,4,3,3,3,3,3
38793,6,4,1,1,2,3,1
38794,6,4,6,3,3,3,3
38797,6,4,4,2,1,1,1
38798,6,4,4,3,3,3,3
38803,4,4,3,1,1,1,1
38805,6,4,6,3,3,3,3
38806,6,4,3,3,3,3,3
38808,4,4,6,3,3,3,3
38821,6,4,1,3,3,3,3
38822,4,4,6,1,1,2,1
38824,6,4,1,1,2,3,1
38826,6,4,6,3,3,3,3
38827,6,4,5,3,3,3,3
38829,6,4,6,3,3,3,3
38832,6,4,1,3,3,3,3
38835,6,4,6,3,3,3,3
38838,6,4,1,3,3,3,3
38841,6,4,4,3,3,3,3
38848,6,4,3,1,2,3,1
38850,4,4,4,1,1,1,1
38861,6,4,5,3,3,3,3
38869,6,4,5,3,3,3,3
38871,6,4,3,3,3,3,3
38873,6,4,2,1,2,2,1
38887,6,4,5,3,3,3,3
38899,4,4,4,3,3,3,3
38904,6,4,2,3,3,3,3
38909,6,4,2,1,2,2,1
38920,6,4,1,1,2,3,1
38924,6,4,6,3,3,3,3
38925,6,4,2,3,3,3,3
38962,4,4,4,3,3,3,3
38968,4,4,2,3,3,3,3
38971,4,4,2,3,3,3,3
38978,4,4,3,3,3,3,3
38982,6,4,5,3,3,3,3
38983,6,4,5,3,3,3,3
38997,6,4,6,2,1,2,1
38999,6,4,1,3,3,3,3
39002,6,4,5,3,3,3,3
39004,4,4,4,3,3,3,3
39019,6,4,3,3,3,3,3
39023,4,4,4,3,3,3,3
39028,6,4,5,3,3,3,3
39043,6,4,3,3,3,3,3
39044,6,4,6,3,3,3,3
39052,6,4,5,3,3,3,3
39055,4,4,5,3,3,3,3
39060,5,4,3,3,3,3,3
39065,4,4,4,2,2,2,1
39069,6,4,1,3,3,3,3
39071,4,4,1,1,1,2,1
39077,6,4,4,3,3,3,3
39084,6,4,2,3,3,3,3
39085,6,4,4,3,3,3,3
39091,4,4,2,2,2,2,1
39096,6,4,2,3,3,3,3
39101,4,4,1,3,3,3,3
39104,4,4,4,3,3,3,3
39111,4,4,4,1,1,1,1
39116,6,4,6,3,3,3,3
39119,4,4,1,3,3,3,3
39125,6,4,5,1,2,1,1
39130,5,4,6,3,3,3,3
39131,6,4,2,3,3,3,3
39132,5,4,3,3,3,3,3
39136,4,4,5,2,2,1,1
39137,4,4,1,1,1,2,1
39145,4,4,2,3,3,3,3
39149,6,4,4,3,3,3,3
39153,4,4,5,3,3,3,3
39159,6,4,4,3,3,3,3
39162,4,4,2,3,3,3,3
39168,6,4,3,1,2,3,1
39173,6,4,6,1,2,1,1
39186,6,4,1,3,3,3,3
39189,5,4,4,3,3,3,3
39201,6,4,6,3,3,3,3
39215,4,4,5,3,3,3,3
39219,6,4,1,3,3,3,3
39228,4,4,1,3,3,3,3
39230,4,4,1,2,2,3,1
39232,4,4,1,2,2,3,1
39242,6,4,3,3,3,3,3
39245,4,4,5,2,2,1,1
39247,4,4,2,3,3,3,3
39248,6,4,6,2,1,2,1
39250,6,4,5,1,2,1,1
39255,6,4,6,3,3,3,3
39256,6,4,4,3,3,3,3
39259,6,4,6,3,3,3,3
39261,6,4,1,3,3,3,3
39268,6,4,1,3,3,3,3
39269,6,4,5,3,3,3,3
39278,6,4,4,3,3,3,3
39283,6,4,2,3,3,3,3
39300,6,4,3,3,3,3,3
39305,4,4,4,1,1,1,1
39308,6,4,6,3,3,3,3
39340,6,4,3,3,3,3,3
39349,6,4,2,2,1,3,1
39366,4,4,3,1,1,1,1
39369,6,4,2,3,3,3,3
39377,5,4,4,3,3,3,3
39381,4,4,6,1,1,2,1
39382,6,4,2,3,3,3,3
39384,6,4,6,3,3,3,3
39387,6,4,5,3,3,3,3
39395,6,4,6,3,3,3,3
39399,6,4,6,3,3,3,3
39404,4,4,2,2,2,2,1
39405,6,4,5,3,3,3,3
39408,4,4,4,1,1,1,1
39410,4,4,6,3,3,3,3
39411,6,4,5,3,3,3,3
39440,4,4,1,1,1,2,1
39452,6,4,2,3,3,3,3
39461,6,4,5,3,3,3,3
39463,4,4,4,3,3,3,3
39464,4,4,2,1,1,3,1
39474,4,4,5,1,1,3,1
39487,5,4,1,3,3,3,3
39493,6,4,2,3,3,3,3
39495,4,4,2,1,1,3,1
39508,4,4,6,3,3,3,3
39520,4,4,4,1,1,1,1
39531,6,4,2,1,2,2,1
39533,6,4,6,3,3,3,3
39541,6,4,4,3,3,3,3
39545,6,4,6,3,3,3,3
39546,4,4,4,2,2,2,1
39552,6,4,6,3,3,3,3
39569,6,4,3,3,3,3,3
39574,6,4,5,3,3,3,3
39575,6,4,1,3,3,3,3
39577,6,4,3,1,2,3,1
39579,4,4,6,3,3,3,3
39584,6,4,6,3,3,3,3
39600,6,4,6,3,3,3,3
39602,6,4,4,3,3,3,3
39603,6,4,2,3,3,3,3
39606,6,4,2,3,3,3,3
39609,6,4,1,3,3,3,3
39610,6,4,5,3,3,3,3
39618,4,4,1,3,3,3,3
39620,6,4,1,1,2,3,1
39630,6,4,2,3,3,3,3
39635,4,4,4,1,1,1,1
39639,6,4,2,3,3,3,3
39640,6,4,6,3,3,3,3
39646,6,4,3,2,1,1,1
39648,6,4,1,3,3,3,3
39650,4,4,1,3,3,3,3
39651,6,4,6,1,2,1,1
39652,4,4,1,2,2,3,1
39654,6,4,6,3,3,3,3
39662,6,4,4,1,2,2,1
39700,6,4,4,3,3,3,3
39711,6,4,6,3,3,3,3
39718,4,4,6,3,3,3,3
39721,6,4,5,3,3,3,3
39722,6,4,5,3,3,3,3
39726,6,4,3,3,3,3,3
39729,4,4,2,1,1,3,1
39731,4,4,1,3,3,3,3
39733,6,4,6,3,3,3,3
39740,6,4,1,3,3,3,3
39745,6,4,5,3,3,3,3
39754,6,4,5,3,3,3,3
39769,6,4,2,1,2,2,1
39780,4,4,5,3,3,3,3
39782,6,4,4,3,3,3,3
39785,4,4,4,3,3,3,3
39787,4,4,4,3,3,3,3
39807,6,4,5,3,3,3,3
39808,6,4,3,1,2,3,1
39820,6,4,2,3,3,3,3
39823,6,4,6,3,3,3,3
39825,6,4,5,3,3,3,3
39831,6,4,2,3,3,3,3
39855,5,4,5,3,3,3,3
39860,6,4,4,1,2,2,1
39868,4,4,4,3,3,3,3
39879,5,4,3,3,3,3,3
39885,6,4,5,3,3,3,3
39886,4,4,4,1,1,1,1
39888,4,4,4,3,3,3,3
39890,6,4,3,3,3,3,3
39893,6,4,1,3,3,3,3
39895,6,4,6,3,3,3,3
39896,6,4,6,3,3,3,3
39900,6,4,5,3,3,3,3
39906,4,4,4,2,2,2,1
39907,6,4,4,3,3,3,3
39909,6,4,3,1,2,3,1
39917,6,4,6,1,2,1,1
39923,6,4,4,3,3,3,3
39924,4,4,6,1,1,2,1
39935,6,4,1,1,2,3,1
39943,6,4,1,3,3,3,3
39944,4,4,3,2,2,3,1
39947,6,4,6,1,2,1,1
39952,6,4,3,3,3,3,3
39956,6,4,4,3,3,3,3
39958,4,4,1,2,2,3,1
39973,6,4,3,3,3,3,3
39983,6,4,2,3,3,3,3
39992,6,4,6,1,2,1,1
39996,6,4,6,3,3,3,3
40008,6,4,5,3,3,3,3
40011,4,4,1,3,3,3,3
40015,4,4,6,2,2,1,1
40016,5,4,2,3,3,3,3
40017,6,4,3,1,2,3,1
40021,4,4,2,3,3,3,3
40029,6,4,2,3,3,3,3
40030,6,4,3,3,3,3,3
40042,6,4,6,1,2,1,1
40043,4,4,1,3,3,3,3
40048,6,4,4,3,3,3,3
40055,4,4,6,1,1,2,1
40058,6,4,2,3,3,3,3
40062,6,4,1,3,3,3,3
40066,6,4,5,1,2,1,1
40080,6,4,3,3,3,3,3
40081,4,4,5,2,2,1,1
40083,6,4,6,3,3,3,3
40087,6,4,2,3,3,3,3
40092,6,4,3,3,3,3,3
40098,4,4,1,3,3,3,3
40101,6,4,2,1,2,2,1
40128,6,4,1,2,1,2,1
40133,6,4,6,3,3,3,3
40135,6,4,5,3,3,3,3
40139,6,4,3,3,3,3,3
40147,6,4,4,3,3,3,3
40152,4,4,3,3,3,3,3
40153,4,4,4,1,1,1,1
40159,6,4,3,1,2,3,1
40165,6,4,3,3,3,3,3
40166,4,4,1,1,1,2,1
40168,6,4,6,3,3,3,3
40181,4,4,6,2,2,1,1
40184,4,4,4,2,2,2,1
40186,4,4,1,1,1,2,1
40187,6,4,1,3,3,3,3
40190,2,4,1,3,3,3,3
40195,6,4,5,3,3,3,3
40196,6,4,3,3,3,3,3
40228,6,4,3,1,2,3,1
40235,6,4,5,3,3,3,3
40238,4,4,2,3,3,3,3
40239,6,4,5,3,3,3,3
40240,6,4,2,3,3,3,3
40253,6,4,1,3,3,3,3
40258,4,4,4,2,2,2,1
40272,6,4,1,3,3,3,3
40289,6,4,5,3,3,3,3
40291,6,4,3,3,3,3,3
40304,6,4,4,3,3,3,3
40305,6,4,4,3,3,3,3
40307,6,4,1,3,3,3,3
40320,6,4,6,3,3,3,3
40329,4,4,6,3,3,3,3
40332,6,4,5,3,3,3,3
40339,6,4,5,3,3,3,3
40346,6,4,2,3,3,3,3
40347,6,4,6,3,3,3,3
40349,6,4,2,3,3,3,3
40359,6,4,5,3,3,3,3
40366,6,4,1,3,3,3,3
40374,4,4,2,2,2,2,1
40377,6,4,1,3,3,3,3
40378,6,4,3,3,3,3,3
40390,6,4,2,3,3,3,3
40394,6,4,6,3,3,3,3
40396,6,4,3,3,3,3,3
40400,4,4,2,3,3,3,3
40401,4,4,4,3,3,3,3
40418,4,4,5,3,3,3,3
40420,6,4,5,3,3,3,3
40426,6,4,2,3,3,3,3
40427,4,4,4,3,3,3,3
40429,6,4,3,3,3,3,3
40438,6,4,5,3,3,3,3
40441,4,4,4,3,3,3,3
40442,6,4,2,3,3,3,3
40446,6,4,6,1,2,1,1
40449,4,4,5,1,1,3,1
40457,6,4,3,3,3,3,3
40459,6,4,4,3,3,3,3
40464,6,4,1,3,3,3,3
40477,4,4,4,2,2,2,1
40483,6,4,4,3,3,3,3
40485,4,4,3,3,3,3,3
40489,4,4,2,1,1,3,1
40494,4,4,3,3,3,3,3
40495,6,4,4,3,3,3,3
40510,6,4,3,3,3,3,3
40521,6,4,2,3,3,3,3
40522,4,4,2,3,3,3,3
40523,6,4,3,3,3,3,3
40528,6,4,4,3,3,3,3
40551,6,4,2,3,3,3,3
40559,4,4,3,2,2,3,1
40561,6,4,6,3,3,3,3
40562,4,4,5,3,3,3,3
40565,6,4,1,3,3,3,3
40573,4,4,6,2,2,1,1
40577,6,4,2,3,3,3,3
40578,5,4,4,3,3,3,3
40579,4,4,6,2,2,1,1
40581,6,4,1,3,3,3,3
40602,6,4,1,3,3,3,3
40619,4,4,1,3,3,3,3
40621,6,4,1,3,3,3,3
40622,6,4,1,3,3,3,3
40634,4,4,1,3,3,3,3
40637,6,4,5,3,3,3,3
40645,4,4,4,2,2,2,1
40647,6,4,2,3,3,3,3
40662,6,4,2,3,3,3,3
40668,6,4,2,3,3,3,3
40669,6,4,3,3,3,3,3
40671,6,4,4,3,3,3,3
40674,6,4,5,3,3,3,3
40691,6,4,5,3,3,3,3
40692,6,4,4,3,3,3,3
40698,4,4,6,3,3,3,3
40711,4,4,5,3,3,3,3
40726,6,4,4,3,3,3,3
40728,6,4,5,3,3,3,3
40732,6,4,6,3,3,3,3
40737,6,4,3,1,2,3,1
40739,4,4,1,3,3,3,3
40741,6,4,6,3,3,3,3
40742,6,4,5,3,3,3,3
40753,6,4,2,3,3,3,3
40754,4,4,6,3,3,3,3
40758,6,4,4,3,3,3,3
40763,4,4,6,2,2,1,1
40772,6,4,2,3,3,3,3
40775,4,4,1,1,1,2,1
40776,4,4,4,2,2,2,1
40781,6,4,1,3,3,3,3
40788,4,4,3,1,1,1,1
40789,4,4,6,3,3,3,3
40798,6,4,4,3,3,3,3
40799,4,4,2,3,3,3,3
40800,6,4,5,3,3,3,3
40806,6,4,5,3,3,3,3
40820,6,4,5,3,3,3,3
40826,4,4,2,3,3,3,3
40832,4,4,5,3,3,3,3
40834,4,4,1,3,3,3,3
40838,4,4,4,3,3,3,3
40847,6,4,1,3,3,3,3
40850,6,4,2,3,3,3,3
40860,6,4,2,3,3,3,3
40864,6,4,4,3,3,3,3
40865,6,4,6,3,3,3,3
40873,6,4,6,3,3,3,3
40877,4,4,1,1,1,2,1
40878,4,4,5,3,3,3,3
40881,4,4,3,2,2,3,1
40890,6,4,1,3,3,3,3
40891,6,4,3,1,2,3,1
40902,6,4,3,3,3,3,3
40903,6,4,1,3,3,3,3
40905,6,4,1,3,3,3,3
40913,6,4,4,3,3,3,3
40916,6,4,3,3,3,3,3
40921,6,4,6,3,3,3,3
40924,6,4,3,3,3,3,3
40930,6,4,3,1,2,3,1
40943,4,4,6,2,2,1,1
40945,4,4,2,2,2,2,1
40951,4,4,5,3,3,3,3
40953,6,4,5,3,3,3,3
40956,6,4,6,3,3,3,3
40968,4,4,4,3,3,3,3
40969,4,4,3,1,1,1,1
40985,6,4,2,3,3,3,3
40989,4,4,5,3,3,3,3
41002,4,4,5,3,3,3,3
41020,6,4,1,3,3,3,3
41021,4,4,1,3,3,3,3
41023,6,4,2,3,3,3,3
41025,6,4,3,3,3,3,3
41038,6,4,6,1,2,1,1
41044,6,4,2,3,3,3,3
41059,6,4,4,3,3,3,3
41076,6,4,3,3,3,3,3
41078,6,4,6,3,3,3,3
41084,6,4,6,3,3,3,3
41087,6,4,2,1,2,2,1
41090,6,4,1,3,3,3,3
41093,6,4,6,3,3,3,3
41096,6,4,2,3,3,3,3
41099,6,4,3,1,2,3,1
41104,4,4,1,3,3,3,3
41113,6,4,6,3,3,3,3
41114,4,4,1,2,2,3,1
41119,6,4,2,3,3,3,3
41125,6,4,2,3,3,3,3
41126,4,4,3,3,3,3,3
41132,6,4,2,3,3,3,3
41135,6,4,3,1,2,3,1
41138,6,4,6,3,3,3,3
41139,4,4,4,3,3,3,3
41142,6,4,3,3,3,3,3
41146,6,4,4,1,2,2,1
41148,4,4,3,3,3,3,3
41149,6,4,4,3,3,3,3
41150,6,4,6,3,3,3,3
41161,6,4,3,3,3,3,3
41164,6,4,4,3,3,3,3
41169,6,4,6,3,3,3,3
41170,6,4,3,1,2,3,1
41181,6,4,1,3,3,3,3
41182,6,4,6,1,2,1,1
41187,4,4,5,2,2,1,1
41201,6,4,2,1,2,2,1
41204,6,4,5,3,3,3,3
41205,4,4,3,2,2,3,1
41208,4,4,2,1,1,3,1
41214,6,4,3,3,3,3,3
41222,4,4,4,3,3,3,3
41223,6,4,3,3,3,3,3
41229,6,4,5,3,3,3,3
41233,6,4,6,3,3,3,3
41238,4,4,4,2,2,2,1
41248,6,4,4,3,3,3,3
41256,6,4,1,3,3,3,3
41259,4,4,1,3,3,3,3
41262,6,4,3,2,1,1,1
41265,4,4,3,3,3,3,3
41270,6,4,2,3,3,3,3
41274,6,4,5,3,3,3,3
41280,4,4,1,3,3,3,3
41283,6,4,6,3,3,3,3
41286,5,4,6,3,3,3,3
41288,6,4,3,1,2,3,1
41290,6,4,3,1,2,3,1
41291,6,4,2,3,3,3,3
41308,4,4,3,3,3,3,3
41314,4,4,2,2,2,2,1
41323,6,4,1,1,2,3,1
41326,6,4,4,3,3,3,3
41329,6,4,3,3,3,3,3
41331,6,4,6,3,3,3,3
41341,6,4,1,1,2,3,1
41343,6,4,6,3,3,3,3
41345,6,4,4,1,2,2,1
41355,6,4,6,3,3,3,3
41362,6,4,5,3,3,3,3
41363,6,4,3,3,3,3,3
41366,6,4,4,3,3,3,3
41373,6,4,6,1,2,1,1
41379,4,4,5,3,3,3,3
41381,4,4,5,2,2,1,1
41388,4,4,2,3,3,3,3
41397,6,4,3,1,2,3,1
41404,4,4,6,3,3,3,3
41406,4,4,4,1,1,1,1
41410,6,4,2,3,3,3,3
41412,6,4,6,1,2,1,1
41414,4,4,6,2,2,1,1
41422,4,4,3,1,1,1,1
41423,4,4,5,2,2,1,1
41424,6,4,5,3,3,3,3
41425,4,4,4,3,3,3,3
41426,6,4,6,3,3,3,3
41437,4,4,5,3,3,3,3
41451,6,4,2,1,2,2,1
41452,6,4,2,1,2,2,1
41461,6,4,2,1,2,2,1
41462,6,4,2,3,3,3,3
41466,6,4,2,1,2,2,1
41467,6,4,2,1,2,2,1
41471,6,4,4,3,3,3,3
41484,6,4,5,1,2,1,1
41486,6,4,1,3,3,3,3
41499,4,4,5,3,3,3,3
41500,6,4,5,1,2,1,1
41504,6,4,3,1,2,3,1
41507,6,4,6,3,3,3,3
41508,4,4,6,3,3,3,3
41509,6,4,3,3,3,3,3
41528,6,4,2,3,3,3,3
41538,4,4,5,2,2,1,1
41542,5,4,5,3,3,3,3
41555,6,4,4,3,3,3,3
41562,5,4,6,3,3,3,3
41563,4,4,5,3,3,3,3
41573,6,4,1,2,1,2,1
41581,6,4,5,3,3,3,3
41585,6,4,6,1,2,1,1
41597,6,4,5,2,1,3,1
41600,6,4,5,3,3,3,3
41603,6,4,4,1,2,2,1
41606,6,4,6,3,3,3,3
41608,4,4,5,2,2,1,1
41614,4,4,2,2,2,2,1
41618,6,4,6,1,2,1,1
41625,6,4,1,3,3,3,3
41627,4,4,3,3,3,3,3
41634,4,4,1,1,1,2,1
41638,4,4,5,1,1,3,1
41644,6,4,5,3,3,3,3
41646,2,4,4,3,3,3,3
41647,4,4,6,3,3,3,3
41653,4,4,4,3,3,3,3
41659,6,4,4,3,3,3,3
41667,4,4,2,3,3,3,3
41669,4,4,2,3,3,3,3
41671,4,4,1,2,2,3,1
41682,6,4,1,3,3,3,3
41683,4,4,4,3,3,3,3
41684,6,4,1,3,3,3,3
41687,4,4,2,3,3,3,3
41695,6,4,3,1,2,3,1
41696,6,4,5,1,2,1,1
41699,4,4,6,3,3,3,3
41701,4,4,5,2,2,1,1
41711,4,4,3,3,3,3,3
41715,6,4,5,3,3,3,3
41718,6,4,5,3,3,3,3
41725,4,4,6,1,1,2,1
41737,4,4,2,3,3,3,3
41738,6,4,1,3,3,3,3
41744,6,4,6,3,3,3,3
41755,6,4,4,1,2,2,1
41771,6,4,5,3,3,3,3
41772,4,4,5,1,1,3,1
41779,4,4,4,3,3,3,3
41784,2,4,4,3,3,3,3
41786,6,4,2,3,3,3,3
41791,4,4,4,3,3,3,3
41809,4,4,1,1,1,2,1
41814,4,4,1,2,2,3,1
41820,6,4,6,3,3,3,3
41824,4,4,2,2,2,2,1
41835,6,4,5,1,2,1,1
41843,6,4,6,3,3,3,3
41847,6,4,3,3,3,3,3
41848,4,4,1,3,3,3,3
41851,4,4,5,3,3,3,3
41853,6,4,1,1,2,3,1
41857,4,4,4,2,2,2,1
41858,6,4,2,3,3,3,3
41865,6,4,1,3,3,3,3
41871,6,4,4,3,3,3,3
41879,6,4,5,3,3,3,3
41886,6,4,1,3,3,3,3
41887,6,4,2,3,3,3,3
41889,6,4,4,3,3,3,3
41895,6,4,6,3,3,3,3
41898,4,4,6,1,1,2,1
41909,6,4,5,3,3,3,3
41919,4,4,1,1,1,2,1
41927,6,4,5,3,3,3,3
41932,4,4,1,3,3,3,3
41937,6,4,5,3,3,3,3
41946,6,4,3,3,3,3,3
41954,6,4,3,3,3,3,3
41957,6,4,2,3,3,3,3
41963,6,4,6,3,3,3,3
41974,6,4,6,3,3,3,3
41975,4,4,5,2,2,1,1
41977,4,4,4,3,3,3,3
41987,4,4,1,2,2,3,1
41991,6,4,3,2,1,1,1
42001,6,4,2,3,3,3,3
42006,6,4,1,3,3,3,3
42007,6,4,2,3,3,3,3
42010,6,4,2,3,3,3,3
42022,4,4,2,1,1,3,1
42033,6,4,2,3,3,3,3
42040,6,4,5,3,3,3,3
42055,6,4,5,3,3,3,3
42061,6,4,3,3,3,3,3
42064,6,4,5,3,3,3,3
42067,6,4,5,3,3,3,3
42068,6,4,6,3,3,3,3
42069,6,4,6,3,3,3,3
42070,4,4,4,1,1,1,1
42085,6,4,4,3,3,3,3
42087,6,4,3,3,3,3,3
42091,4,4,2,2,2,2,1
42095,6,4,6,3,3,3,3
42096,6,4,4,3,3,3,3
42103,6,4,6,3,3,3,3
42106,6,4,6,1,2,1,1
42108,6,4,4,3,3,3,3
42112,6,4,2,1,2,2,1
42113,6,4,4,3,3,3,3
42114,6,4,1,3,3,3,3
42117,5,4,6,3,3,3,3
42118,6,4,2,3,3,3,3
42121,6,4,6,3,3,3,3
42127,6,4,6,3,3,3,3
42132,6,4,4,3,3,3,3
42137,6,4,4,3,3,3,3
42141,6,4,6,3,3,3,3
42143,6,4,4,3,3,3,3
42144,4,4,5,1,1,3,1
42155,6,4,6,3,3,3,3
42167,6,4,3,1,2,3,1
42170,6,4,5,3,3,3,3
42173,6,4,1,3,3,3,3
42178,6,4,2,3,3,3,3
42182,6,4,5,3,3,3,3
42188,4,4,1,2,2,3,1
42196,6,4,1,3,3,3,3
42198,6,4,3,1,2,3,1
42205,6,4,6,3,3,3,3
42210,6,4,6,3,3,3,3
42211,4,4,2,2,2,2,1
42212,6,4,1,3,3,3,3
42214,6,4,2,3,3,3,3
42223,4,4,6,3,3,3,3
42227,4,4,5,2,2,1,1
42238,4,4,3,2,2,3,1
42241,6,4,2,3,3,3,3
42243,6,4,3,1,2,3,1
42246,6,4,5,3,3,3,3
42249,4,4,5,1,1,3,1
42263,6,4,3,1,2,3,1
42265,6,4,4,3,3,3,3
42266,4,4,1,2,2,3,1
42269,4,4,3,3,3,3,3
42276,6,4,6,2,1,2,1
42278,6,4,1,1,2,3,1
42282,4,4,2,2,2,2,1
42286,6,4,5,1,2,1,1
42291,6,4,5,1,2,1,1
42293,6,4,1,3,3,3,3
42295,6,4,5,1,2,1,1
42300,6,4,4,3,3,3,3
42302,6,4,4,3,3,3,3
42303,4,4,3,2,2,3,1
42306,6,4,3,3,3,3,3
42307,6,4,2,3,3,3,3
42312,4,4,3,1,1,1,1
42313,4,4,4,1,1,1,1
42314,6,4,6,3,3,3,3
42318,6,4,4,3,3,3,3
42320,4,4,2,3,3,3,3
42322,4,4,1,3,3,3,3
42325,6,4,1,3,3,3,3
42328,6,4,2,2,1,3,1
42334,6,4,2,3,3,3,3
42338,6,4,6,2,1,2,1
42342,6,4,4,1,2,2,1
42350,6,4,1,1,2,3,1
42352,6,4,1,3,3,3,3
42355,6,4,6,3,3,3,3
42357,6,4,4,3,3,3,3
42367,6,4,1,1,2,3,1
42373,4,4,6,3,3,3,3
42374,6,4,2,1,2,2,1
42381,4,4,2,2,2,2,1
42384,6,4,3,3,3,3,3
42389,6,4,2,3,3,3,3
42392,6,4,5,3,3,3,3
42406,6,4,2,3,3,3,3
42411,4,4,4,1,1,1,1
42417,4,4,3,1,1,1,1
42418,6,4,4,1,2,2,1
42434,6,4,6,1,2,1,1
42442,4,4,1,3,3,3,3
42446,6,4,3,3,3,3,3
42460,6,4,5,3,3,3,3
42469,4,4,1,3,3,3,3
42471,6,4,2,3,3,3,3
42484,6,4,2,3,3,3,3
42496,6,4,2,3,3,3,3
42498,6,4,1,1,2,3,1
42501,4,4,6,3,3,3,3
42513,6,4,2,1,2,2,1
42516,6,4,4,1,2,2,1
42519,6,4,5,3,3,3,3
42524,6,4,3,1,2,3,1
42531,5,4,2,3,3,3,3
42532,6,4,1,3,3,3,3
42534,6,4,1,1,2,3,1
42535,6,4,6,1,2,1,1
42547,4,4,6,2,2,1,1
42552,2,4,1,3,3,3,3
42557,4,4,2,3,3,3,3
42563,6,4,2,3,3,3,3
42578,6,4,3,1,2,3,1
42583,6,4,1,1,2,3,1
42586,6,4,2,3,3,3,3
42592,4,4,5,2,2,1,1
42593,4,4,6,2,2,1,1
42595,6,4,4,3,3,3,3
42600,4,4,2,1,1,3,1
42601,4,4,6,2,2,1,1
42612,4,4,2,1,1,3,1
42615,4,4,1,3,3,3,3
42616,6,4,5,3,3,3,3
42621,6,4,2,3,3,3,3
42624,5,4,4,3,3,3,3
42645,6,4,2,3,3,3,3
42655,4,4,1,1,1,2,1
42657,4,4,5,1,1,3,1
42663,6,4,4,3,3,3,3
42672,4,4,2,2,2,2,1
42681,4,4,3,2,2,3,1
42682,4,4,3,1,1,1,1
42683,6,4,5,1,2,1,1
42689,6,4,4,3,3,3,3
42705,6,4,4,3,3,3,3
42708,6,4,5,1,2,1,1
42711,6,4,5,1,2,1,1
42716,6,4,4,1,2,2,1
42718,6,4,4,1,2,2,1
42720,4,4,2,2,2,2,1
42721,6,4,4,3,3,3,3
42723,6,4,5,1,2,1,1
42725,6,4,3,1,2,3,1
42726,4,4,5,3,3,3,3
42729,6,4,6,3,3,3,3
42730,5,4,3,3,3,3,3
42742,6,4,3,1,2,3,1
42753,6,4,6,1,2,1,1
42791,4,4,2,2,2,2,1
42794,6,4,6,3,3,3,3
42798,6,4,1,3,3,3,3
42809,6,4,5,1,2,1,1
42811,4,4,3,2,2,3,1
42814,6,4,4,1,2,2,1
42822,4,4,1,2,2,3,1
42826,6,4,1,1,2,3,1
42829,6,4,6,2,1,2,1
42832,4,4,2,3,3,3,3
42837,6,4,4,3,3,3,3
42839,4,4,5,2,2,1,1
42859,6,4,6,3,3,3,3
42867,6,4,6,3,3,3,3
42868,4,4,6,3,3,3,3
42871,4,4,1,2,2,3,1
42876,6,4,3,3,3,3,3
42878,5,4,3,3,3,3,3
42880,6,4,5,3,3,3,3
42885,6,4,3,1,2,3,1
42889,4,4,3,2,2,3,1
42892,6,4,5,3,3,3,3
42893,2,4,5,3,3,3,3
42895,6,4,1,1,2,3,1
42911,6,4,2,3,3,3,3
42935,6,4,6,1,2,1,1
42936,6,4,6,1,2,1,1
42952,6,4,4,2,1,1,1
42959,6,4,4,3,3,3,3
42960,6,4,4,3,3,3,3
42970,6,4,3,3,3,3,3
42972,6,4,4,3,3,3,3
42975,6,4,4,1,2,2,1
42982,6,4,1,2,1,2,1
42988,6,4,2,3,3,3,3
42989,6,4,3,3,3,3,3
42991,4,4,1,1,1,2,1
43001,4,4,2,2,2,2,1
43004,4,4,2,1,1,3,1
43010,6,4,6,2,1,2,1
43019,4,4,1,1,1,2,1
43020,6,4,5,3,3,3,3
43021,6,4,1,3,3,3,3
43024,4,4,6,3,3,3,3
43026,6,4,1,3,3,3,3
43029,4,4,5,3,3,3,3
43031,4,4,3,2,2,3,1
43040,6,4,4,3,3,3,3
43041,4,4,3,3,3,3,3
43048,6,4,5,1,2,1,1
43050,6,4,2,2,1,3,1
43056,2,4,5,3,3,3,3
43058,6,4,3,3,3,3,3
43067,4,4,6,2,2,1,1
43068,6,4,1,3,3,3,3
43070,4,4,6,3,3,3,3
43078,4,4,2,1,1,3,1
43080,6,4,1,1,2,3,1
43082,6,4,5,1,2,1,1
43087,6,4,1,1,2,3,1
43091,4,4,3,3,3,3,3
43101,4,4,1,1,1,2,1
43102,4,4,1,1,1,2,1
43116,6,4,2,3,3,3,3
43152,6,4,1,1,2,3,1
43192,6,4,1,3,3,3,3
43199,6,4,1,3,3,3,3
43206,6,4,5,1,2,1,1
43214,6,4,2,3,3,3,3
43215,6,4,2,3,3,3,3
43219,4,4,6,2,2,1,1
43221,4,4,4,2,2,2,1
43223,6,4,6,3,3,3,3
43231,6,4,3,3,3,3,3
43232,6,4,4,3,3,3,3
43238,4,4,4,3,3,3,3
43239,6,4,6,1,2,1,1
43240,6,4,3,1,2,3,1
43247,4,4,4,3,3,3,3
43261,4,4,4,1,1,1,1
43266,6,4,3,3,3,3,3
43270,6,4,2,3,3,3,3
43271,5,4,4,3,3,3,3
43276,4,4,2,3,3,3,3
43279,4,4,5,2,2,1,1
43281,4,4,4,2,2,2,1
43283,6,4,3,3,3,3,3
43298,6,4,4,1,2,2,1
43302,6,4,2,3,3,3,3
43313,6,4,2,3,3,3,3
43314,6,4,1,3,3,3,3
43316,4,4,1,3,3,3,3
43326,4,4,6,3,3,3,3
43334,4,4,6,1,1,2,1
43336,4,4,1,3,3,3,3
43345,6,4,2,3,3,3,3
43346,6,4,1,3,3,3,3
43351,6,4,5,1,2,1,1
43352,6,4,3,3,3,3,3
43364,4,4,5,2,2,1,1
43369,6,4,4,3,3,3,3
43370,6,4,3,3,3,3,3
43375,4,4,2,2,2,2,1
43380,6,4,1,2,1,2,1
43381,4,4,2,3,3,3,3
43391,4,4,3,3,3,3,3
43392,6,4,6,3,3,3,3
43406,5,4,4,3,3,3,3
43411,6,4,2,3,3,3,3
43412,4,4,5,3,3,3,3
43422,6,4,1,3,3,3,3
43430,6,4,1,3,3,3,3
43431,6,4,1,3,3,3,3
43434,6,4,4,3,3,3,3
43437,4,4,4,2,2,2,1
43443,6,4,1,3,3,3,3
43444,6,4,1,2,1,2,1
43454,4,4,2,3,3,3,3
43460,4,4,3,3,3,3,3
43463,6,4,2,3,3,3,3
43464,6,4,6,3,3,3,3
43469,6,4,5,3,3,3,3
43483,4,4,6,1,1,2,1
43496,4,4,4,3,3,3,3
43497,4,4,3,1,1,1,1
43498,4,4,5,2,2,1,1
43502,6,4,3,3,3,3,3
43505,6,4,4,3,3,3,3
43507,4,4,4,2,2,2,1
43524,4,4,6,1,1,2,1
43536,4,4,1,3,3,3,3
43543,6,4,6,1,2,1,1
43546,6,4,4,3,3,3,3
43553,6,4,5,3,3,3,3
43564,4,4,3,3,3,3,3
43573,4,4,5,1,1,3,1
43578,4,4,5,3,3,3,3
43581,6,4,6,1,2,1,1
43587,4,4,3,3,3,3,3
43593,6,4,2,3,3,3,3
43600,6,4,2,3,3,3,3
43612,4,4,6,1,1,2,1
43614,6,4,5,1,2,1,1
43620,4,4,3,1,1,1,1
43623,6,4,6,3,3,3,3
43637,6,4,1,3,3,3,3
43643,6,4,1,3,3,3,3
43646,6,4,1,3,3,3,3
43649,4,4,3,3,3,3,3
43650,6,4,1,3,3,3,3
43651,4,4,5,1,1,3,1
43655,4,4,2,1,1,3,1
43665,4,4,2,1,1,3,1
43666,6,4,3,3,3,3,3
43671,4,4,2,3,3,3,3
43677,6,4,2,3,3,3,3
43681,6,4,3,3,3,3,3
43682,6,4,1,3,3,3,3
43689,6,4,4,3,3,3,3
43690,6,4,3,1,2,3,1
43694,6,4,4,3,3,3,3
43695,4,4,1,1,1,2,1
43698,6,4,5,1,2,1,1
43704,6,4,3,3,3,3,3
43706,4,4,2,3,3,3,3
43708,6,4,5,2,1,3,1
43710,6,4,6,3,3,3,3
43727,6,4,1,3,3,3,3
43731,4,4,3,3,3,3,3
43746,6,4,2,3,3,3,3
43769,6,4,2,3,3,3,3
43774,4,4,6,1,1,2,1
43802,4,4,5,2,2,1,1
43806,4,4,5,3,3,3,3
43813,6,4,3,3,3,3,3
43814,6,4,2,3,3,3,3
43824,6,4,2,3,3,3,3
43833,4,4,2,2,2,2,1
43834,4,4,1,3,3,3,3
43837,4,4,4,3,3,3,3
43844,4,4,1,3,3,3,3
43845,4,4,3,3,3,3,3
43850,4,4,4,3,3,3,3
43862,6,4,1,3,3,3,3
43864,4,4,6,3,3,3,3
43878,4,4,4,1,1,1,1
43902,6,4,4,1,2,2,1
43917,5,4,2,3,3,3,3
43921,6,4,3,3,3,3,3
43923,4,4,2,3,3,3,3
43924,6,4,5,3,3,3,3
43930,6,4,5,3,3,3,3
43945,4,4,5,2,2,1,1
43946,6,4,4,3,3,3,3
43950,6,4,3,1,2,3,1
43956,6,4,6,1,2,1,1
43963,6,4,2,3,3,3,3
43970,6,4,5,3,3,3,3
43989,6,4,6,1,2,1,1
43993,5,4,1,3,3,3,3
44000,6,4,6,3,3,3,3
44001,6,4,1,3,3,3,3
44013,6,4,6,3,3,3,3
44014,6,4,4,3,3,3,3
44016,6,4,6,3,3,3,3
44021,4,4,3,3,3,3,3
44023,4,4,4,2,2,2,1
44024,6,4,5,2,1,3,1
44028,4,4,2,1,1,3,1
44032,4,4,1,1,1,2,1
44043,6,4,1,1,2,3,1
44045,6,4,4,3,3,3,3
44049,4,4,3,3,3,3,3
44053,4,4,4,3,3,3,3
44055,6,4,2,1,2,2,1
44064,6,4,3,2,1,1,1
44068,4,4,1,1,1,2,1
44071,4,4,2,3,3,3,3
44074,4,4,4,2,2,2,1
44083,4,4,3,3,3,3,3
44085,4,4,6,3,3,3,3
44093,6,4,5,3,3,3,3
44097,6,4,5,3,3,3,3
44098,6,4,3,3,3,3,3
44100,4,4,3,3,3,3,3
44101,6,4,1,3,3,3,3
44105,5,4,1,1,2,3,1
44106,6,4,2,3,3,3,3
44107,4,4,2,1,1,3,1
44116,5,4,2,3,3,3,3
44119,6,4,2,3,3,3,3
44121,6,4,5,3,3,3,3
44127,6,4,5,3,3,3,3
44135,4,4,3,1,1,1,1
44148,6,4,5,3,3,3,3
44160,4,4,2,3,3,3,3
44166,4,4,4,3,3,3,3
44170,4,4,2,1,1,3,1
44179,4,4,3,3,3,3,3
44181,4,4,6,3,3,3,3
44184,6,4,5,3,3,3,3
44190,4,4,3,2,2,3,1
44192,6,4,3,3,3,3,3
44193,4,4,5,1,1,3,1
44195,6,4,2,3,3,3,3
44209,6,4,3,3,3,3,3
44225,6,4,4,3,3,3,3
44228,4,4,6,2,2,1,1
44234,4,4,5,1,1,3,1
44242,4,4,2,3,3,3,3
44244,4,4,2,3,3,3,3
44250,6,4,2,2,1,3,1
44252,4,4,2,3,3,3,3
44265,4,4,5,1,1,3,1
44267,6,4,4,3,3,3,3
44275,4,4,5,3,3,3,3
44277,4,4,5,1,1,3,1
44279,4,4,4,2,2,2,1
44285,4,4,2,1,1,3,1
44287,6,4,5,3,3,3,3
44290,6,4,4,3,3,3,3
44295,6,4,1,3,3,3,3
44313,6,4,6,1,2,1,1
44320,4,4,2,3,3,3,3
44329,6,4,2,3,3,3,3
44337,4,4,1,2,2,3,1
44339,4,4,6,2,2,1,1
44340,4,4,4,3,3,3,3
44346,6,4,2,3,3,3,3
44351,4,4,3,1,1,1,1
44352,4,4,6,1,1,2,1
44353,6,4,1,3,3,3,3
44355,4,4,1,1,1,2,1
44362,6,4,1,3,3,3,3
44367,6,4,3,1,2,3,1
44370,4,4,5,1,1,3,1
44373,4,4,3,1,1,1,1
44383,4,4,3,1,1,1,1
44387,4,4,2,1,1,3,1
44402,4,4,5,1,1,3,1
44407,6,4,6,1,2,1,1
44410,6,4,5,3,3,3,3
44412,4,4,1,3,3,3,3
44417,6,4,1,3,3,3,3
44418,6,4,4,3,3,3,3
44424,6,4,1,1,2,3,1
44431,6,4,2,3,3,3,3
44432,6,4,4,3,3,3,3
44434,4,4,2,1,1,3,1
44439,6,4,5,3,3,3,3
44446,4,4,6,1,1,2,1
44452,6,4,3,3,3,3,3
44453,6,4,6,3,3,3,3
44456,6,4,6,2,1,2,1
44457,6,4,5,3,3,3,3
44472,4,4,5,3,3,3,3
44476,4,4,2,1,1,3,1
44483,4,4,5,1,1,3,1
44494,4,4,3,1,1,1,1
44499,6,4,6,1,2,1,1
44501,4,4,1,1,1,2,1
44508,2,4,2,3,3,3,3
44515,4,4,3,3,3,3,3
44527,6,4,1,3,3,3,3
44528,6,4,2,3,3,3,3
44530,4,4,6,2,2,1,1
44533,6,4,4,2,1,1,1
44538,4,4,4,1,1,1,1
44540,6,4,6,3,3,3,3
44553,6,4,3,3,3,3,3
44557,4,4,1,3,3,3,3
44560,4,4,1,3,3,3,3
44561,6,4,6,3,3,3,3
44568,4,4,1,3,3,3,3
44576,4,4,6,1,1,2,1
44578,6,4,5,3,3,3,3
44579,6,4,1,3,3,3,3
44581,4,4,6,1,1,2,1
44583,4,4,1,3,3,3,3
44586,5,4,2,3,3,3,3
44589,4,4,1,1,1,2,1
44596,6,4,2,3,3,3,3
44598,6,4,1,2,1,2,1
44605,6,4,5,3,3,3,3
44609,4,4,4,2,2,2,1
44612,4,4,3,1,1,1,1
44613,6,4,3,3,3,3,3
44615,4,4,3,1,1,1,1
44617,6,4,4,1,2,2,1
44618,4,4,1,1,1,2,1
44627,6,4,5,1,2,1,1
44636,6,4,1,3,3,3,3
44642,4,4,2,1,1,3,1
44644,6,4,3,3,3,3,3
44645,6,4,4,3,3,3,3
44646,4,4,6,1,1,2,1
44651,6,4,1,2,1,2,1
44654,6,4,1,3,3,3,3
44659,4,4,6,2,2,1,1
44665,4,4,3,3,3,3,3
44667,6,4,6,1,2,1,1
44668,6,4,4,3,3,3,3
44675,4,4,5,1,1,3,1
44678,2,4,2,3,3,3,3
44683,6,4,2,3,3,3,3
44686,4,4,6,1,1,2,1
44687,6,4,2,3,3,3,3
44695,4,4,6,2,2,1,1
44696,4,4,5,3,3,3,3
44697,4,4,1,3,3,3,3
44707,4,4,2,1,1,3,1
44712,4,4,5,1,1,3,1
44715,6,4,5,1,2,1,1
44743,6,4,1,3,3,3,3
44751,4,4,1,3,3,3,3
44757,6,4,6,3,3,3,3
44758,6,4,3,3,3,3,3
44760,4,4,4,3,3,3,3
44771,4,4,2,3,3,3,3
44778,6,4,1,3,3,3,3
44790,4,4,2,1,1,3,1
44799,4,4,2,1,1,3,1
44807,5,4,4,3,3,3,3
44810,4,4,1,2,2,3,1
44811,6,4,4,3,3,3,3
44814,4,4,1,1,1,2,1
44821,4,4,5,1,1,3,1
44834,4,4,5,1,1,3,1
44837,4,4,2,1,1,3,1
44839,4,4,3,3,3,3,3
44842,6,4,1,1,2,3,1
44847,6,4,5,1,2,1,1
44848,6,4,6,1,2,1,1
44850,6,4,5,3,3,3,3
44852,5,4,3,3,3,3,3
44862,6,4,4,2,1,1,1
44882,4,4,6,1,1,2,1
44885,6,4,1,2,1,2,1
44887,4,4,4,1,1,1,1
44888,6,4,6,3,3,3,3
44889,4,4,6,1,1,2,1
44890,4,4,4,1,1,1,1
44894,6,4,3,3,3,3,3
44908,6,4,5,3,3,3,3
44911,4,4,2,1,1,3,1
44931,6,4,6,3,3,3,3
44939,6,4,2,3,3,3,3
44955,5,4,2,3,3,3,3
44968,6,4,5,3,3,3,3
44971,6,4,2,3,3,3,3
44974,4,4,4,3,3,3,3
44975,6,4,4,3,3,3,3
44979,4,4,1,3,3,3,3
44982,6,4,5,3,3,3,3
44984,6,4,5,3,3,3,3
44987,6,4,4,2,1,1,1
44999,6,4,4,3,3,3,3
45008,6,4,4,3,3,3,3
45012,6,4,6,3,3,3,3
45014,4,4,6,3,3,3,3
45015,4,4,5,1,1,3,1
45017,6,4,5,3,3,3,3
45024,4,4,5,3,3,3,3
45031,6,4,2,3,3,3,3
45037,6,4,6,3,3,3,3
45038,6,4,3,3,3,3,3
45039,6,4,6,3,3,3,3
45044,4,4,3,3,3,3,3
45047,6,4,1,3,3,3,3
45049,6,4,4,3,3,3,3
45050,6,4,4,3,3,3,3
45051,6,4,1,3,3,3,3
45060,6,4,1,3,3,3,3
45066,6,4,6,3,3,3,3
45085,4,4,4,3,3,3,3
45087,6,4,1,3,3,3,3
45091,6,4,3,3,3,3,3
45096,6,4,5,3,3,3,3
45100,6,4,2,3,3,3,3
45101,6,4,5,3,3,3,3
45103,6,4,2,3,3,3,3
45105,6,4,1,3,3,3,3
45107,6,4,2,3,3,3,3
45111,6,4,3,3,3,3,3
45118,6,4,3,3,3,3,3
45119,4,4,3,3,3,3,3
45129,4,4,3,3,3,3,3
45135,6,4,1,3,3,3,3
45145,6,4,2,3,3,3,3
45146,6,4,4,3,3,3,3
45149,6,4,2,3,3,3,3
45151,6,4,5,3,3,3,3
45153,6,4,6,3,3,3,3
45156,6,4,2,3,3,3,3
45158,6,4,6,3,3,3,3
45162,6,4,2,3,3,3,3
45168,6,4,3,3,3,3,3
45170,6,4,5,3,3,3,3
45181,6,4,2,3,3,3,3
45187,6,4,4,3,3,3,3
45192,4,4,5,3,3,3,3
45201,6,4,4,3,3,3,3
45227,6,4,5,3,3,3,3
45230,6,4,2,2,1,3,1
45242,4,4,6,3,3,3,3
45254,4,4,4,3,3,3,3
45258,6,4,3,3,3,3,3
45259,6,4,5,3,3,3,3
45262,6,4,3,3,3,3,3
45269,6,4,4,3,3,3,3
45277,4,4,5,3,3,3,3
45278,6,4,2,3,3,3,3
45285,6,4,1,3,3,3,3
45286,6,4,4,3,3,3,3
45299,6,4,3,3,3,3,3
45300,4,4,2,3,3,3,3
45303,6,4,2,3,3,3,3
45304,6,4,6,3,3,3,3
45307,6,4,6,3,3,3,3
45310,6,4,3,3,3,3,3
45329,6,4,6,3,3,3,3
45331,6,4,4,3,3,3,3
45334,4,4,3,3,3,3,3
45337,6,4,3,3,3,3,3
45341,6,4,4,3,3,3,3
45348,4,4,6,3,3,3,3
45349,6,4,6,3,3,3,3
45350,6,4,6,3,3,3,3
45352,6,4,1,3,3,3,3
45357,6,4,5,3,3,3,3
45358,6,4,1,3,3,3,3
45359,6,4,6,3,3,3,3
45368,4,4,1,3,3,3,3
45376,6,4,2,3,3,3,3
45377,6,4,4,3,3,3,3
45387,6,4,4,3,3,3,3
45391,4,4,4,3,3,3,3
45394,6,4,4,3,3,3,3
45395,6,4,5,3,3,3,3
45396,6,4,5,3,3,3,3
45404,4,4,5,3,3,3,3
45409,4,4,3,3,3,3,3
45411,6,4,4,3,3,3,3
45412,4,4,5,3,3,3,3
45413,6,4,3,3,3,3,3
45418,6,4,1,3,3,3,3
45421,6,4,4,3,3,3,3
45425,4,4,1,3,3,3,3
45430,4,4,2,3,3,3,3
45431,4,4,2,3,3,3,3
45433,6,4,1,3,3,3,3
45436,4,4,5,1,1,3,1
45438,6,4,1,3,3,3,3
45439,4,4,4,3,3,3,3
45444,6,4,3,3,3,3,3
45445,6,4,4,3,3,3,3
45449,6,4,2,3,3,3,3
45454,4,4,2,3,3,3,3
45459,6,4,1,3,3,3,3
45471,6,4,3,3,3,3,3
45484,6,4,2,3,3,3,3
45485,4,4,4,3,3,3,3
45487,6,4,6,3,3,3,3
45488,6,4,5,3,3,3,3
45491,4,4,5,3,3,3,3
45492,4,4,4,3,3,3,3
45495,6,4,2,3,3,3,3
45496,6,4,4,3,3,3,3
45505,4,4,1,3,3,3,3
45509,6,4,3,3,3,3,3
45518,4,4,3,3,3,3,3
45521,4,4,4,3,3,3,3
45534,6,4,3,3,3,3,3
45542,6,4,6,3,3,3,3
45547,6,4,3,3,3,3,3
45550,4,4,6,3,3,3,3
45553,6,4,1,3,3,3,3
45563,6,4,2,3,3,3,3
45594,6,4,1,3,3,3,3
45596,4,4,1,3,3,3,3
45600,4,4,6,3,3,3,3
45605,2,4,4,3,3,3,3
45608,6,4,3,3,3,3,3
45610,2,4,3,3,3,3,3
45611,6,4,2,3,3,3,3
45631,6,4,6,3,3,3,3
45632,4,4,4,3,3,3,3
45643,4,4,3,3,3,3,3
45645,4,4,6,3,3,3,3
45656,6,4,4,3,3,3,3
45660,6,4,6,3,3,3,3
45669,4,4,2,3,3,3,3
45680,6,4,3,3,3,3,3
45685,4,4,3,3,3,3,3
45687,6,4,5,3,3,3,3
45688,4,4,6,3,3,3,3
45693,6,4,5,3,3,3,3
45707,4,4,4,3,3,3,3
45732,6,4,2,3,3,3,3
45740,4,4,1,3,3,3,3
45750,6,4,2,3,3,3,3
45753,4,4,1,3,3,3,3
45772,4,4,3,3,3,3,3
45777,4,4,1,3,3,3,3
45778,4,4,1,3,3,3,3
45780,4,4,6,3,3,3,3
45781,6,4,5,3,3,3,3
45783,4,4,5,3,3,3,3
45792,6,4,3,3,3,3,3
45794,5,4,6,3,3,3,3
45799,6,4,3,3,3,3,3
45800,6,4,2,3,3,3,3
45803,6,4,4,3,3,3,3
45811,6,4,2,3,3,3,3
45818,6,4,3,3,3,3,3
45819,4,4,4,3,3,3,3
45820,6,4,1,3,3,3,3
45824,6,4,2,3,3,3,3
45829,5,4,6,3,3,3,3
45839,4,4,1,3,3,3,3
45847,6,4,4,3,3,3,3
45856,4,4,2,3,3,3,3
45858,6,4,3,3,3,3,3
45861,4,4,6,3,3,3,3
45867,6,4,1,3,3,3,3
45877,6,4,6,3,3,3,3
45878,6,4,6,3,3,3,3
45882,4,4,2,3,3,3,3
45893,6,4,1,3,3,3,3
45894,4,4,4,3,3,3,3
45901,6,4,4,3,3,3,3
45907,6,4,1,3,3,3,3
45926,6,4,4,3,3,3,3
45930,5,4,6,3,3,3,3
45931,6,4,6,3,3,3,3
45937,4,4,4,3,3,3,3
45944,4,4,2,3,3,3,3
45949,6,4,6,3,3,3,3
45951,6,4,2,3,3,3,3
45952,6,4,3,3,3,3,3
45953,6,4,3,3,3,3,3
45954,6,4,5,3,3,3,3
45964,6,4,5,3,3,3,3
45966,6,4,6,3,3,3,3
45969,4,4,3,3,3,3,3
45970,6,4,6,3,3,3,3
45974,6,4,1,3,3,3,3
45975,6,4,4,3,3,3,3
45977,4,4,2,3,3,3,3
45982,6,4,3,3,3,3,3
45994,4,4,4,3,3,3,3
45997,6,4,1,3,3,3,3
46001,5,4,2,3,3,3,3
46003,4,4,3,3,3,3,3
46011,4,4,1,3,3,3,3
46019,6,4,5,3,3,3,3
46024,6,4,2,3,3,3,3
46037,6,4,2,3,3,3,3
46043,2,4,2,3,3,3,3
46046,4,4,5,3,3,3,3
46047,6,4,1,3,3,3,3
46050,5,4,5,3,3,3,3
46051,5,4,1,3,3,3,3
46061,4,4,4,3,3,3,3
46063,6,4,3,3,3,3,3
46069,6,4,2,3,3,3,3
46077,6,4,5,3,3,3,3
46081,4,4,4,3,3,3,3
46089,6,4,1,3,3,3,3
46090,6,4,5,3,3,3,3
46092,2,4,4,3,3,3,3
46096,6,4,6,3,3,3,3
46097,6,4,5,3,3,3,3
46101,6,4,2,3,3,3,3
46110,6,4,3,3,3,3,3
46113,6,4,5,3,3,3,3
46114,6,4,2,3,3,3,3
46117,4,4,3,3,3,3,3
46122,4,4,1,3,3,3,3
46133,4,4,6,3,3,3,3
46136,6,4,6,3,3,3,3
46138,6,4,3,3,3,3,3
46139,6,4,5,3,3,3,3
46143,4,4,5,1,1,3,1
46149,6,4,6,3,3,3,3
46152,4,4,4,3,3,3,3
46155,6,4,5,3,3,3,3
46168,6,4,5,3,3,3,3
46171,6,4,4,3,3,3,3
46185,4,4,1,3,3,3,3
46186,6,4,5,3,3,3,3
46193,6,4,5,3,3,3,3
46198,6,4,2,3,3,3,3
46204,4,4,5,3,3,3,3
46208,6,4,4,3,3,3,3
46211,4,4,2,3,3,3,3
46224,6,4,6,3,3,3,3
46228,6,4,2,3,3,3,3
46230,6,4,1,3,3,3,3
46232,6,4,5,3,3,3,3
46235,4,4,3,3,3,3,3
46243,4,4,3,3,3,3,3
46245,4,4,3,3,3,3,3
46246,6,4,4,3,3,3,3
46268,6,4,4,3,3,3,3
46275,6,4,2,3,3,3,3
46277,4,4,2,3,3,3,3
46284,4,4,4,3,3,3,3
46291,6,4,2,3,3,3,3
46297,4,4,2,3,3,3,3
46301,6,4,1,3,3,3,3
46307,6,4,4,3,3,3,3
46308,6,4,5,3,3,3,3
46310,5,4,1,3,3,3,3
46313,6,4,1,3,3,3,3
46315,6,4,3,3,3,3,3
46317,4,4,2,3,3,3,3
46318,6,4,1,3,3,3,3
46324,4,4,6,3,3,3,3
46325,4,4,4,3,3,3,3
46334,6,4,4,3,3,3,3
46338,6,4,4,3,3,3,3
46339,6,4,3,3,3,3,3
46344,4,4,4,3,3,3,3
46346,4,4,5,3,3,3,3
46357,6,4,5,3,3,3,3
46358,6,4,5,3,3,3,3
46359,6,4,6,3,3,3,3
46361,5,4,3,3,3,3,3
46362,4,4,4,3,3,3,3
46363,4,4,3,3,3,3,3
46372,6,4,1,3,3,3,3
46379,4,4,5,3,3,3,3
46384,4,4,4,3,3,3,3
46388,6,4,6,3,3,3,3
46400,6,4,5,3,3,3,3
46415,4,4,3,3,3,3,3
46416,6,4,2,3,3,3,3
46421,6,4,5,3,3,3,3
46426,6,4,1,3,3,3,3
46447,6,4,4,3,3,3,3
46449,4,4,5,3,3,3,3
46460,6,4,3,3,3,3,3
46465,6,4,1,3,3,3,3
46469,6,4,4,3,3,3,3
46470,6,4,2,3,3,3,3
46473,6,4,2,3,3,3,3
46475,6,4,1,3,3,3,3
46482,4,4,2,3,3,3,3
46483,6,4,6,3,3,3,3
46488,6,4,4,3,3,3,3
46491,6,4,1,3,3,3,3
46500,6,4,1,3,3,3,3
46501,4,4,6,3,3,3,3
46505,4,4,2,3,3,3,3
46506,4,4,3,3,3,3,3
46507,4,4,3,3,3,3,3
46522,4,4,1,3,3,3,3
46529,4,4,1,3,3,3,3
46535,6,4,1,3,3,3,3
46545,4,4,2,3,3,3,3
46549,6,4,4,3,3,3,3
46559,6,4,1,3,3,3,3
46562,4,4,3,3,3,3,3
46573,6,4,2,3,3,3,3
46574,6,4,6,3,3,3,3
46585,4,4,3,3,3,3,3
46586,4,4,2,3,3,3,3
46587,6,4,4,3,3,3,3
46588,6,4,4,3,3,3,3
46592,6,4,1,3,3,3,3
46596,6,4,4,3,3,3,3
46604,6,4,5,3,3,3,3
46614,6,4,3,3,3,3,3
46615,4,4,5,3,3,3,3
46617,6,4,3,3,3,3,3
46618,6,4,2,3,3,3,3
46619,6,4,6,3,3,3,3
46622,6,4,5,3,3,3,3
46633,6,4,3,3,3,3,3
46640,4,4,2,3,3,3,3
46642,6,4,5,3,3,3,3
46643,4,4,2,3,3,3,3
46649,6,4,1,3,3,3,3
46654,4,4,3,3,3,3,3
46659,6,4,3,3,3,3,3
46664,6,4,2,3,3,3,3
46672,4,4,1,3,3,3,3
46677,6,4,2,3,3,3,3
46680,4,4,4,3,3,3,3
46685,4,4,6,3,3,3,3
46686,6,4,2,3,3,3,3
46701,6,4,1,3,3,3,3
46702,6,4,1,3,3,3,3
46706,4,4,2,3,3,3,3
46707,6,4,1,3,3,3,3
46711,6,4,4,3,3,3,3
46717,6,4,3,3,3,3,3
46727,6,4,6,3,3,3,3
46729,6,4,4,3,3,3,3
46731,6,4,2,3,3,3,3
46740,6,4,6,3,3,3,3
